# Blender v2.90.1 OBJ File: 'Rancour.blend'
# www.blender.org
o Cube_Cube.001
v -0.027758 -2.058246 0.058246
v -0.032000 -1.941754 0.056233
v -0.036452 -1.541071 0.068687
v -0.043041 -2.163646 0.058246
v -0.068875 -2.195071 0.058246
v -0.054936 -2.215153 0.050132
v -0.053871 -2.265205 0.050132
v -0.067360 -2.302123 0.050132
v -0.041091 -2.344720 0.050132
v -0.045976 -2.406032 0.064240
v -0.059879 -2.348939 0.064240
v -0.032000 -1.622777 0.056233
v -0.043766 -1.438285 0.098137
v -0.046680 -1.400009 0.124312
v -0.124502 2.147069 0.010011
v -0.124502 1.881905 0.010011
v -0.045223 -1.419147 0.111224
v -0.004173 2.597553 0.002044
v -0.072720 2.372311 0.007934
v -0.124502 0.375877 0.010011
v -0.140368 -0.261526 0.009050
v -0.209359 -0.631453 0.010213
v -0.099913 -0.682831 0.087887
v -0.234298 -0.683342 0.010213
v -0.120273 -0.742326 0.087887
v -0.277579 -0.754395 0.010213
v -0.116702 -0.792011 0.087887
v -0.219612 -0.808341 0.010213
v -0.098811 -0.825806 0.087887
v -0.231113 -0.825806 0.010213
v -0.062423 -0.852084 0.087887
v -0.191498 -0.840715 0.010213
v -0.221860 -0.869383 0.033615
v -0.216172 -0.645385 0.010213
v -0.057169 -0.645385 0.087887
v -0.241284 -0.924078 0.036874
v -0.262754 -0.984908 0.040660
v -0.078468 -1.009137 0.103766
v -0.254575 -1.022735 0.040660
v -0.107346 -1.048804 0.103766
v -0.261731 -1.048804 0.040660
v -0.174863 -0.446489 0.009632
v -0.124502 1.128891 0.010011
v -0.141083 -1.154924 0.103766
v -0.314484 -1.154924 0.040660
v -0.132169 -1.097842 0.103766
v -0.287072 -1.082506 0.040660
v -0.141083 -1.225465 0.103766
v -0.330433 -1.225465 0.040660
v -0.329922 -1.278627 0.040660
v -0.198335 -1.278627 0.095790
v -0.171365 -1.329848 0.135066
v -0.205103 -1.294884 0.135066
v -0.121454 -1.211970 0.129263
v -0.084865 -1.260387 0.129655
v -0.013450 -1.354885 0.119481
v -0.062251 1.881905 0.027315
v -0.062251 2.147069 0.027315
v -0.002086 2.597553 0.002089
v -0.036360 2.372311 0.016650
v -0.062251 0.375877 0.027315
v -0.070184 -0.261526 0.030912
v -0.110995 -0.629745 0.053867
v -0.167106 -0.683087 0.049050
v -0.198926 -0.748360 0.049050
v -0.168157 -0.800176 0.049050
v -0.164962 -0.825806 0.049050
v -0.126960 -0.846399 0.049050
v -0.110930 -0.869383 0.060881
v -0.136671 -0.645385 0.049050
v -0.069116 -0.942481 0.076503
v -0.131377 -0.984908 0.072213
v -0.162534 -1.016856 0.072213
v -0.184539 -1.048804 0.072213
v -0.087432 -0.446489 0.039981
v -0.062251 1.128891 0.027315
v -0.227784 -1.154924 0.072213
v -0.205940 -1.082506 0.072213
v -0.235758 -1.225465 0.072213
v -0.264128 -1.278627 0.068225
v -0.190498 -0.548118 0.010089
v -0.065123 -0.611270 0.064721
v -0.032000 -1.782265 0.056233
v -0.330177 -1.252046 0.040660
v -0.169709 -1.252046 0.099778
v -0.163279 -1.253427 0.132164
v -0.128115 -1.295118 0.132360
v -0.030065 -1.377447 0.121897
v -0.249943 -1.252046 0.070219
v -0.141083 -1.154924 0.017658
v -0.121454 -1.211970 0.021997
v -0.107346 -1.048804 0.017658
v -0.078468 -1.009137 0.017658
v -0.132169 -1.097842 0.017658
v -0.141083 -1.225465 0.017658
v -0.084865 -1.260387 0.022064
v -0.085956 -1.203392 0.021997
v -0.056966 -1.131803 0.021997
v -0.054008 -1.072048 0.021997
v -0.063770 -1.019688 0.021997
v -0.091872 -1.068794 0.021997
v -0.100747 -1.136536 0.021997
v 0.027758 -2.058246 0.058246
v 0.032000 -1.941754 0.056233
v 0.036452 -1.541071 0.068687
v 0.043041 -2.163646 0.058246
v 0.068875 -2.195071 0.058246
v 0.054936 -2.215153 0.050132
v 0.053871 -2.265205 0.050132
v 0.067360 -2.302123 0.050132
v 0.041091 -2.344720 0.050132
v 0.045976 -2.406032 0.064240
v 0.059879 -2.348939 0.064240
v 0.032000 -1.622777 0.056233
v 0.043766 -1.438285 0.098137
v 0.046680 -1.400009 0.124312
v 0.124502 2.147069 0.010011
v 0.124502 1.881905 0.010011
v 0.045223 -1.419147 0.111224
v 0.004173 2.597553 0.002044
v 0.072720 2.372311 0.007934
v 0.124502 0.375877 0.010011
v 0.140368 -0.261526 0.009050
v 0.209359 -0.631453 0.010213
v 0.099913 -0.682831 0.087887
v 0.234298 -0.683342 0.010213
v 0.120273 -0.742326 0.087887
v 0.277579 -0.754395 0.010213
v 0.116702 -0.792011 0.087887
v 0.219612 -0.808341 0.010213
v 0.098811 -0.825806 0.087887
v 0.231113 -0.825806 0.010213
v 0.062423 -0.852084 0.087887
v 0.191498 -0.840715 0.010213
v 0.221860 -0.869383 0.033615
v 0.216172 -0.645385 0.010213
v 0.057169 -0.645385 0.087887
v 0.241284 -0.924078 0.036874
v 0.262754 -0.984908 0.040660
v 0.078468 -1.009137 0.103766
v 0.254575 -1.022735 0.040660
v 0.107346 -1.048804 0.103766
v 0.261731 -1.048804 0.040660
v 0.174863 -0.446489 0.009632
v 0.124502 1.128891 0.010011
v 0.141083 -1.154924 0.103766
v 0.314484 -1.154924 0.040660
v 0.132169 -1.097842 0.103766
v 0.287072 -1.082506 0.040660
v 0.141083 -1.225465 0.103766
v 0.330433 -1.225465 0.040660
v 0.329922 -1.278627 0.040660
v 0.198335 -1.278627 0.095790
v 0.171365 -1.329848 0.135066
v 0.205103 -1.294884 0.135066
v 0.121454 -1.211970 0.129263
v 0.084865 -1.260387 0.129655
v 0.013450 -1.354885 0.119481
v 0.062251 1.881905 0.027315
v 0.062251 2.147069 0.027315
v 0.002086 2.597553 0.002089
v 0.036360 2.372311 0.016650
v 0.062251 0.375877 0.027315
v 0.070184 -0.261526 0.030912
v 0.110995 -0.629745 0.053867
v 0.167106 -0.683087 0.049050
v 0.198926 -0.748360 0.049050
v 0.168157 -0.800176 0.049050
v 0.164962 -0.825806 0.049050
v 0.126960 -0.846399 0.049050
v 0.110930 -0.869383 0.060881
v 0.136671 -0.645385 0.049050
v 0.069116 -0.942481 0.076503
v 0.131377 -0.984908 0.072213
v 0.162534 -1.016856 0.072213
v 0.184539 -1.048804 0.072213
v 0.087432 -0.446489 0.039981
v 0.062251 1.128891 0.027315
v 0.227784 -1.154924 0.072213
v 0.205940 -1.082506 0.072213
v 0.235758 -1.225465 0.072213
v 0.264128 -1.278627 0.068225
v 0.190498 -0.548118 0.010089
v 0.065123 -0.611270 0.064721
v 0.032000 -1.782265 0.056233
v 0.330177 -1.252046 0.040660
v 0.169709 -1.252046 0.099778
v 0.163279 -1.253427 0.132164
v 0.128115 -1.295118 0.132360
v 0.030065 -1.377447 0.121897
v 0.249943 -1.252046 0.070219
v 0.141083 -1.154924 0.017658
v 0.121454 -1.211970 0.021997
v 0.107346 -1.048804 0.017658
v 0.078468 -1.009137 0.017658
v 0.132169 -1.097842 0.017658
v 0.141083 -1.225465 0.017658
v 0.084865 -1.260387 0.022064
v 0.000000 -2.058246 0.058246
v 0.000000 -1.941754 0.056233
v 0.000000 -2.219969 0.058246
v 0.000000 -2.165126 0.058246
v 0.000000 -2.229645 0.050132
v 0.000000 -2.279697 0.050132
v 0.000000 -2.316615 0.050132
v 0.000000 -2.359212 0.050132
v 0.000000 -2.408798 0.064240
v 0.000000 -2.375666 0.064240
v 0.000000 -1.622777 0.056233
v 0.000000 -1.541071 0.068687
v 0.000000 -1.438285 0.098137
v 0.000000 -1.399273 0.124312
v 0.000000 2.147069 0.044619
v 0.000000 1.881905 0.044619
v 0.000000 -1.418779 0.111224
v 0.000000 2.597553 0.002133
v 0.000000 2.372311 0.025366
v 0.000000 0.375877 0.044619
v 0.000000 -0.261526 0.052774
v 0.000000 -0.631453 0.087887
v 0.000000 -0.869383 0.088147
v 0.000000 -0.924078 0.097564
v 0.000000 -0.984908 0.103766
v 0.000000 -0.447225 0.070331
v 0.000000 1.128891 0.044619
v 0.000000 -1.372683 0.117565
v 0.000000 -0.600277 0.084141
v 0.000000 -1.782265 0.056233
v 0.000000 -1.385978 0.120938
v 0.000000 -0.984908 0.017658
v 0.085956 -1.203392 0.021997
v 0.056966 -1.131803 0.021997
v 0.054008 -1.072048 0.021997
v 0.063770 -1.019688 0.021997
v 0.091872 -1.068794 0.021997
v 0.100747 -1.136536 0.021997
v 0.000000 -1.072048 0.021997
v 0.000000 -1.019688 0.021997
v 0.000000 -1.131803 0.021997
v 0.000000 -1.203392 0.021997
v -0.027758 -2.058246 -0.058246
v -0.032000 -1.941754 -0.056233
v -0.036452 -1.541071 -0.068687
v -0.043041 -2.163646 -0.058246
v -0.068875 -2.195071 -0.058246
v -0.054936 -2.215153 -0.050132
v -0.053871 -2.265205 -0.050132
v -0.067360 -2.302123 -0.050132
v -0.041091 -2.344720 -0.050132
v -0.045976 -2.406032 -0.064240
v -0.059879 -2.348939 -0.064240
v -0.032000 -1.622777 -0.056233
v -0.043766 -1.438285 -0.098137
v -0.046680 -1.400009 -0.124312
v -0.124502 2.147069 -0.010011
v -0.124502 1.881905 -0.010011
v -0.045223 -1.419147 -0.111224
v -0.004173 2.597553 -0.002044
v -0.072720 2.372311 -0.007934
v -0.124502 0.375877 -0.010011
v -0.140368 -0.261526 -0.009050
v -0.209359 -0.631453 -0.010213
v -0.099913 -0.682831 -0.087887
v -0.234298 -0.683342 -0.010213
v -0.120273 -0.742326 -0.087887
v -0.277579 -0.754395 -0.010213
v -0.116702 -0.792011 -0.087887
v -0.219612 -0.808341 -0.010213
v -0.098811 -0.825806 -0.087887
v -0.231113 -0.825806 -0.010213
v -0.062423 -0.852084 -0.087887
v -0.191498 -0.840715 -0.010213
v -0.221860 -0.869383 -0.033615
v -0.216172 -0.645385 -0.010213
v -0.057169 -0.645385 -0.087887
v -0.241284 -0.924078 -0.036874
v -0.262754 -0.984908 -0.040660
v -0.078468 -1.009137 -0.103766
v -0.254575 -1.022735 -0.040660
v -0.107346 -1.048804 -0.103766
v -0.261731 -1.048804 -0.040660
v -0.174863 -0.446489 -0.009632
v -0.124502 1.128891 -0.010011
v -0.141083 -1.154924 -0.103766
v -0.314484 -1.154924 -0.040660
v -0.132169 -1.097842 -0.103766
v -0.287072 -1.082506 -0.040660
v -0.141083 -1.225465 -0.103766
v -0.330433 -1.225465 -0.040660
v -0.329922 -1.278627 -0.040660
v -0.198335 -1.278627 -0.095790
v -0.171365 -1.329848 -0.135066
v -0.205103 -1.294884 -0.135066
v -0.121454 -1.211970 -0.129263
v -0.084865 -1.260387 -0.129655
v -0.013450 -1.354885 -0.119481
v -0.062251 1.881905 -0.027315
v -0.062251 2.147069 -0.027315
v -0.002086 2.597553 -0.002089
v -0.036360 2.372311 -0.016650
v -0.062251 0.375877 -0.027315
v -0.070184 -0.261526 -0.030912
v -0.110995 -0.629745 -0.053867
v -0.167106 -0.683087 -0.049050
v -0.198926 -0.748360 -0.049050
v -0.168157 -0.800176 -0.049050
v -0.164962 -0.825806 -0.049050
v -0.126960 -0.846399 -0.049050
v -0.110930 -0.869383 -0.060881
v -0.136671 -0.645385 -0.049050
v -0.069116 -0.942481 -0.076503
v -0.131377 -0.984908 -0.072213
v -0.162534 -1.016856 -0.072213
v -0.184539 -1.048804 -0.072213
v -0.087432 -0.446489 -0.039981
v -0.062251 1.128891 -0.027315
v -0.227784 -1.154924 -0.072213
v -0.205940 -1.082506 -0.072213
v -0.235758 -1.225465 -0.072213
v -0.264128 -1.278627 -0.068225
v -0.190498 -0.548118 -0.010089
v -0.065123 -0.611270 -0.064721
v -0.032000 -1.782265 -0.056233
v -0.330177 -1.252046 -0.040660
v -0.169709 -1.252046 -0.099778
v -0.163279 -1.253427 -0.132164
v -0.128115 -1.295118 -0.132360
v -0.030065 -1.377447 -0.121897
v -0.249943 -1.252046 -0.070219
v -0.141083 -1.154924 -0.017658
v -0.121454 -1.211970 -0.021997
v -0.107346 -1.048804 -0.017658
v -0.078468 -1.009137 -0.017658
v -0.132169 -1.097842 -0.017658
v -0.141083 -1.225465 -0.017658
v -0.084865 -1.260387 -0.022064
v -0.094434 -2.195071 0.000000
v -0.053316 -2.058246 0.000000
v -0.055792 -1.941754 0.000000
v -0.068600 -2.163646 0.000000
v -0.080382 -2.215101 0.000000
v -0.079317 -2.265152 0.000000
v -0.092807 -2.302070 0.000000
v -0.066538 -2.344667 0.000000
v -0.071329 -2.405935 0.000000
v -0.085232 -2.348842 0.000000
v -0.055792 -1.622777 0.000000
v -0.070782 -1.541071 0.000000
v -0.109445 -1.438285 0.000000
v -0.155063 -1.355169 0.000000
v -0.132582 1.881905 0.000000
v -0.150577 -0.261526 0.000000
v -0.132582 2.147069 0.000000
v -0.139922 -1.400817 0.000000
v -0.004232 2.597553 0.000000
v -0.076790 2.372311 0.000000
v -0.132582 0.375877 0.000000
v -0.223815 -0.631453 0.000000
v -0.249488 -0.683342 0.000000
v -0.292035 -0.754395 0.000000
v -0.234069 -0.808341 0.000000
v -0.245570 -0.825806 0.000000
v -0.205954 -0.840715 0.000000
v -0.234936 -0.869383 0.000000
v -0.230629 -0.645385 0.000000
v -0.254360 -0.924078 0.000000
v -0.275829 -0.984908 0.000000
v -0.267651 -1.022735 0.000000
v -0.274807 -1.048804 0.000000
v -0.187196 -0.446489 0.000000
v -0.132582 1.128891 0.000000
v -0.327560 -1.154924 0.000000
v -0.300148 -1.082506 0.000000
v -0.343509 -1.225465 0.000000
v -0.198335 -1.278627 0.000000
v -0.342997 -1.278627 0.000000
v -0.057169 -0.645999 0.000000
v -0.062423 -0.852698 0.000000
v -0.098811 -0.826419 0.000000
v -0.116702 -0.792625 0.000000
v -0.120273 -0.742939 0.000000
v -0.179707 -1.326536 0.000000
v -0.213445 -1.291571 0.000000
v -0.099913 -0.683445 0.000000
v -0.002116 2.597553 0.000000
v -0.270666 -1.278627 0.000000
v -0.204502 -0.548118 0.000000
v -0.055792 -1.782265 0.000000
v -0.343253 -1.252046 0.000000
v -0.085956 -1.203392 -0.021997
v -0.056966 -1.131803 -0.021997
v -0.054008 -1.072048 -0.021997
v -0.063770 -1.019688 -0.021997
v -0.091872 -1.068794 -0.021997
v -0.100747 -1.136536 -0.021997
v 0.027758 -2.058246 -0.058246
v 0.032000 -1.941754 -0.056233
v 0.036452 -1.541071 -0.068687
v 0.043041 -2.163646 -0.058246
v 0.068875 -2.195071 -0.058246
v 0.054936 -2.215153 -0.050132
v 0.053871 -2.265205 -0.050132
v 0.067360 -2.302123 -0.050132
v 0.041091 -2.344720 -0.050132
v 0.045976 -2.406032 -0.064240
v 0.059879 -2.348939 -0.064240
v 0.032000 -1.622777 -0.056233
v 0.043766 -1.438285 -0.098137
v 0.046680 -1.400009 -0.124312
v 0.124502 2.147069 -0.010011
v 0.124502 1.881905 -0.010011
v 0.045223 -1.419147 -0.111224
v 0.004173 2.597599 -0.002044
v 0.072720 2.372311 -0.007934
v 0.124502 0.375877 -0.010011
v 0.140368 -0.261526 -0.009050
v 0.209359 -0.631453 -0.010213
v 0.099913 -0.682831 -0.087887
v 0.234298 -0.683342 -0.010213
v 0.120273 -0.742326 -0.087887
v 0.277579 -0.754395 -0.010213
v 0.116702 -0.792011 -0.087887
v 0.219612 -0.808341 -0.010213
v 0.098811 -0.825806 -0.087887
v 0.231113 -0.825806 -0.010213
v 0.062423 -0.852084 -0.087887
v 0.191498 -0.840715 -0.010213
v 0.221860 -0.869383 -0.033615
v 0.216172 -0.645385 -0.010213
v 0.057169 -0.645385 -0.087887
v 0.241284 -0.924078 -0.036874
v 0.262754 -0.984908 -0.040660
v 0.078468 -1.009137 -0.103766
v 0.254575 -1.022735 -0.040660
v 0.107346 -1.048804 -0.103766
v 0.261731 -1.048804 -0.040660
v 0.174863 -0.446489 -0.009632
v 0.124502 1.128891 -0.010011
v 0.141083 -1.154924 -0.103766
v 0.314484 -1.154924 -0.040660
v 0.132169 -1.097842 -0.103766
v 0.287072 -1.082506 -0.040660
v 0.141083 -1.225465 -0.103766
v 0.330433 -1.225465 -0.040660
v 0.329922 -1.278627 -0.040660
v 0.198335 -1.278627 -0.095790
v 0.171365 -1.329848 -0.135066
v 0.205103 -1.294884 -0.135066
v 0.121454 -1.211970 -0.129263
v 0.084865 -1.260387 -0.129655
v 0.013450 -1.354885 -0.119481
v 0.062251 1.881905 -0.027315
v 0.062251 2.147069 -0.027315
v 0.002086 2.597553 -0.002089
v 0.036360 2.372311 -0.016650
v 0.062251 0.375877 -0.027315
v 0.070184 -0.261526 -0.030912
v 0.110995 -0.629745 -0.053867
v 0.167106 -0.683087 -0.049050
v 0.198926 -0.748360 -0.049050
v 0.168157 -0.800176 -0.049050
v 0.164962 -0.825806 -0.049050
v 0.126960 -0.846399 -0.049050
v 0.110930 -0.869383 -0.060881
v 0.136671 -0.645385 -0.049050
v 0.069116 -0.942481 -0.076503
v 0.131377 -0.984908 -0.072213
v 0.162534 -1.016856 -0.072213
v 0.184539 -1.048804 -0.072213
v 0.087432 -0.446489 -0.039981
v 0.062251 1.128891 -0.027315
v 0.227784 -1.154924 -0.072213
v 0.205940 -1.082506 -0.072213
v 0.235758 -1.225465 -0.072213
v 0.264128 -1.278627 -0.068225
v 0.190498 -0.548118 -0.010089
v 0.065123 -0.611270 -0.064721
v 0.032000 -1.782265 -0.056233
v 0.330177 -1.252046 -0.040660
v 0.169709 -1.252046 -0.099778
v 0.163279 -1.253427 -0.132164
v 0.128115 -1.295118 -0.132360
v 0.030065 -1.377447 -0.121897
v 0.249943 -1.252046 -0.070219
v 0.141083 -1.154924 -0.017658
v 0.121454 -1.211970 -0.021997
v 0.107346 -1.048804 -0.017658
v 0.078468 -1.009137 -0.017658
v 0.132169 -1.097842 -0.017658
v 0.141083 -1.225465 -0.017658
v 0.084865 -1.260387 -0.022064
v 0.000000 -2.058246 -0.058246
v 0.000000 -1.941754 -0.056233
v 0.000000 -2.219969 -0.058246
v 0.000000 -2.165126 -0.058246
v 0.000000 -2.229645 -0.050132
v 0.000000 -2.279697 -0.050132
v 0.000000 -2.316615 -0.050132
v 0.000000 -2.359212 -0.050132
v 0.000000 -2.408798 -0.064240
v 0.000000 -2.375666 -0.064240
v 0.000000 -1.622777 -0.056233
v 0.000000 -1.541071 -0.068687
v 0.000000 -1.438285 -0.098137
v 0.000000 -1.399273 -0.124312
v 0.000000 2.147069 -0.044619
v 0.000000 1.881905 -0.044619
v 0.000000 -1.418779 -0.111224
v 0.000000 2.597553 -0.002133
v 0.000000 2.372311 -0.025366
v 0.000000 0.375877 -0.044619
v 0.000000 -0.261526 -0.052774
v 0.000000 -0.631453 -0.087887
v 0.000000 -0.869383 -0.088147
v 0.000000 -0.924078 -0.097564
v 0.000000 -0.984908 -0.103766
v 0.000000 -0.447225 -0.070331
v 0.000000 1.128891 -0.044619
v 0.000000 -1.372683 -0.117565
v 0.000000 -0.600277 -0.084141
v 0.000000 -1.782265 -0.056233
v 0.000000 -1.385978 -0.120938
v 0.000000 -0.984908 -0.017658
v 0.000000 -1.203392 -0.071997
v 0.094434 -2.195071 0.000000
v 0.053316 -2.058246 0.000000
v 0.055792 -1.941754 0.000000
v 0.068600 -2.163646 0.000000
v 0.080382 -2.215101 0.000000
v 0.079317 -2.265152 0.000000
v 0.092807 -2.302070 0.000000
v 0.066538 -2.344667 0.000000
v 0.071329 -2.405935 0.000000
v 0.085232 -2.348842 0.000000
v 0.055792 -1.622777 0.000000
v 0.070782 -1.541071 0.000000
v 0.109445 -1.438285 0.000000
v 0.155063 -1.355169 0.000000
v 0.132582 1.881905 0.000000
v 0.150577 -0.261526 0.000000
v 0.132582 2.147069 0.000000
v 0.139922 -1.400817 0.000000
v 0.004232 2.597553 0.000000
v 0.076790 2.372311 0.000000
v 0.132582 0.375877 0.000000
v 0.223815 -0.631453 0.000000
v 0.249488 -0.683342 0.000000
v 0.292035 -0.754395 0.000000
v 0.234069 -0.808341 0.000000
v 0.245570 -0.825806 0.000000
v 0.205954 -0.840715 0.000000
v 0.234936 -0.869383 0.000000
v 0.230629 -0.645385 0.000000
v 0.254360 -0.924078 0.000000
v 0.275829 -0.984908 0.000000
v 0.267651 -1.022735 0.000000
v 0.274807 -1.048804 0.000000
v 0.187196 -0.446489 0.000000
v 0.132582 1.128891 0.000000
v 0.327560 -1.154924 0.000000
v 0.300148 -1.082506 0.000000
v 0.343509 -1.225465 0.000000
v 0.198335 -1.278627 0.000000
v 0.342997 -1.278627 0.000000
v 0.057169 -0.645999 0.000000
v 0.062423 -0.852698 0.000000
v 0.098811 -0.826419 0.000000
v 0.116702 -0.792625 0.000000
v 0.120273 -0.742939 0.000000
v 0.179707 -1.326536 0.000000
v 0.213445 -1.291571 0.000000
v 0.099913 -0.683445 0.000000
v 0.002116 2.597553 0.000000
v 0.270666 -1.278627 0.000000
v 0.204502 -0.548118 0.000000
v 0.055792 -1.782265 0.000000
v 0.343253 -1.252046 0.000000
v 0.000000 2.597553 0.000000
v 0.000000 -0.869996 0.000000
v 0.000000 -0.632066 0.000000
v 0.085956 -1.203392 -0.021997
v 0.056966 -1.131803 -0.021997
v 0.054008 -1.072048 -0.021997
v 0.063770 -1.019688 -0.021997
v 0.091872 -1.068794 -0.021997
v 0.100747 -1.136536 -0.021997
v 0.000000 -1.072048 -0.021997
v 0.000000 -1.019688 -0.021997
v 0.000000 -1.131803 -0.021997
v 0.000000 -1.203392 -0.021997
v 0.000000 -1.372683 0.068785
v -0.121454 -1.211970 0.075630
v -0.107346 -1.048804 0.060712
v -0.132169 -1.097842 0.060712
v -0.141083 -1.225465 0.060712
v 0.000000 -0.984908 0.060712
v -0.141083 -1.154924 0.060712
v -0.078468 -1.009137 0.060712
v -0.013450 -1.354885 0.069907
v -0.084865 -1.260387 0.075859
v 0.121454 -1.211970 0.075630
v 0.107346 -1.048804 0.060712
v 0.132169 -1.097842 0.060712
v 0.141083 -1.225465 0.060712
v 0.141083 -1.154924 0.060712
v 0.078468 -1.009137 0.060712
v 0.013450 -1.354885 0.069907
v 0.084865 -1.260387 0.075859
v 0.000000 -1.372683 -0.068785
v -0.121454 -1.211970 -0.075630
v -0.107346 -1.048804 -0.060712
v -0.132169 -1.097842 -0.060712
v -0.141083 -1.225465 -0.060712
v 0.000000 -0.984908 -0.060712
v -0.141083 -1.154924 -0.060712
v -0.078468 -1.009137 -0.060712
v -0.013450 -1.354885 -0.069907
v -0.084865 -1.260387 -0.075859
v 0.121454 -1.211970 -0.075630
v 0.107346 -1.048804 -0.060712
v 0.132169 -1.097842 -0.060712
v 0.141083 -1.225465 -0.060712
v 0.141083 -1.154924 -0.060712
v 0.078468 -1.009137 -0.060712
v 0.013450 -1.354885 -0.069907
v 0.084865 -1.260387 -0.075859
v 0.000000 -1.203392 0.071997
v 0.000000 -2.408798 0.000000
vt 0.535179 0.875896
vt 0.580512 0.856153
vt 0.579184 0.879216
vt 0.705628 0.850354
vt 0.641280 0.859168
vt 0.641941 0.846738
vt 0.536709 0.852054
vt 0.500437 0.838213
vt 0.537505 0.841752
vt 0.581128 0.844145
vt 0.498073 0.852314
vt 0.484738 0.834517
vt 0.494563 0.874857
vt 0.485940 0.855319
vt 0.480197 0.850712
vt 0.470784 0.867620
vt 0.478212 0.873864
vt 0.424466 0.804859
vt 0.446002 0.822318
vt 0.427633 0.832703
vt 0.455889 0.859139
vt 0.447614 0.813842
vt 0.454721 0.816696
vt 0.454927 0.839494
vt 0.465503 0.843368
vt 0.481636 0.833550
vt 0.434620 0.837073
vt 0.443536 0.852529
vt 0.449591 0.826141
vt 0.469820 0.828548
vt 0.462307 0.823928
vt 0.456563 0.818715
vt 0.737982 0.853511
vt 0.704585 0.863259
vt 0.639803 0.882421
vt 0.490138 0.617332
vt 0.448480 0.602898
vt 0.456698 0.592273
vt 0.731532 0.895387
vt 0.701081 0.887396
vt 0.493332 0.643730
vt 0.438458 0.670542
vt 0.486316 0.637671
vt 0.437041 0.652410
vt 0.424466 0.615629
vt 0.505790 0.629052
vt 0.497766 0.623055
vt 0.215173 0.046749
vt 0.169398 0.000201
vt 0.217622 0.045454
vt 0.478966 0.631694
vt 0.207771 0.207061
vt 0.225989 0.119757
vt 0.229353 0.206976
vt 0.236227 0.713822
vt 0.241575 0.460174
vt 0.245999 0.460344
vt 0.251296 0.206836
vt 0.251518 0.116063
vt 0.255710 0.206817
vt 0.171079 0.005238
vt 0.169140 0.006318
vt 0.169208 0.004699
vt 0.203253 0.051249
vt 0.171686 0.004072
vt 0.247162 0.116821
vt 0.209950 0.713320
vt 0.186827 0.932474
vt 0.188052 0.712859
vt 0.198080 0.458464
vt 0.219831 0.459326
vt 0.585455 0.336545
vt 0.557644 0.344172
vt 0.583808 0.330940
vt 0.237005 0.930298
vt 0.231842 0.713752
vt 0.555134 0.353431
vt 0.541460 0.356353
vt 0.553364 0.347473
vt 0.551142 0.291433
vt 0.538709 0.270351
vt 0.549323 0.268338
vt 0.545754 0.317925
vt 0.527804 0.305514
vt 0.537190 0.290099
vt 0.484560 0.339623
vt 0.493705 0.316975
vt 0.493772 0.339259
vt 0.495399 0.368466
vt 0.488493 0.366460
vt 0.494424 0.362234
vt 0.478532 0.362256
vt 0.489169 0.372643
vt 0.473009 0.329147
vt 0.481558 0.313036
vt 0.463307 0.361178
vt 0.477954 0.355954
vt 0.549006 0.308065
vt 0.559416 0.350070
vt 0.398836 0.391340
vt 0.378235 0.367997
vt 0.400163 0.364244
vt 0.467948 0.372008
vt 0.445527 0.368098
vt 0.438759 0.308219
vt 0.461213 0.281221
vt 0.464437 0.322011
vt 0.470602 0.302295
vt 0.424063 0.467398
vt 0.398057 0.464685
vt 0.418312 0.453952
vt 0.356982 0.450471
vt 0.325004 0.430887
vt 0.344688 0.423208
vt 0.389734 0.482321
vt 0.374598 0.471794
vt 0.384186 0.467093
vt 0.377698 0.430454
vt 0.360298 0.410767
vt 0.372500 0.397424
vt 0.212073 0.931176
vt 0.190797 0.994777
vt 0.241586 0.930099
vt 0.250556 0.991140
vt 0.344091 0.509087
vt 0.316810 0.503911
vt 0.338984 0.494863
vt 0.368664 0.495674
vt 0.362471 0.481702
vt 0.381155 0.486692
vt 0.367768 0.440555
vt 0.301224 0.478782
vt 0.286179 0.461844
vt 0.292978 0.449370
vt 0.332586 0.463329
vt 0.299912 0.436905
vt 0.300352 0.520624
vt 0.308455 0.505459
vt 0.310139 0.519819
vt 0.277767 0.505868
vt 0.300533 0.506610
vt 0.318533 0.595244
vt 0.306700 0.577483
vt 0.321352 0.589189
vt 0.346879 0.590697
vt 0.371463 0.594109
vt 0.349960 0.598303
vt 0.297868 0.608445
vt 0.318527 0.604452
vt 0.340734 0.585598
vt 0.362550 0.577290
vt 0.315110 0.569952
vt 0.325498 0.585788
vt 0.485748 0.687816
vt 0.443016 0.687819
vt 0.486286 0.698328
vt 0.446006 0.701095
vt 0.482696 0.708136
vt 0.453534 0.720164
vt 0.498597 0.701195
vt 0.495868 0.710761
vt 0.513304 0.686729
vt 0.512279 0.700730
vt 0.498912 0.687009
vt 0.513841 0.648234
vt 0.503850 0.645058
vt 0.516371 0.636920
vt 0.617415 0.103617
vt 0.636063 0.076662
vt 0.632744 0.103650
vt 0.387416 0.416712
vt 0.403366 0.478650
vt 0.543140 0.362651
vt 0.519049 0.374907
vt 0.534695 0.330318
vt 0.510141 0.315524
vt 0.348070 0.566943
vt 0.332187 0.584098
vt 0.329099 0.564726
vt 0.514219 0.344998
vt 0.520324 0.381072
vt 0.259021 0.485735
vt 0.293860 0.486022
vt 0.308963 0.471638
vt 0.220542 0.992543
vt 0.205771 0.122320
vt 0.192516 0.054497
vt 0.607740 0.287885
vt 0.615547 0.317540
vt 0.600335 0.258246
vt 0.617013 0.322559
vt 0.509993 0.709807
vt 0.319694 0.518133
vt 0.542779 0.719134
vt 0.523147 0.720371
vt 0.523155 0.709579
vt 0.666979 0.033806
vt 0.646735 0.044515
vt 0.654611 0.027519
vt 0.659171 0.049849
vt 0.640511 0.061346
vt 0.546348 0.699181
vt 0.531686 0.688415
vt 0.678118 0.013416
vt 0.665300 0.006735
vt 0.653746 0.065797
vt 0.684753 0.018476
vt 0.674787 0.046405
vt 0.662131 0.065501
vt 0.654177 0.082662
vt 0.649066 0.079667
vt 0.673261 0.084708
vt 0.656766 0.103702
vt 0.646916 0.103680
vt 0.694705 0.103783
vt 0.694627 0.083499
vt 0.720188 0.103838
vt 0.720188 0.073148
vt 0.558596 0.713912
vt 0.539518 0.808336
vt 0.581688 0.832166
vt 0.538156 0.831574
vt 0.642493 0.834268
vt 0.502818 0.825418
vt 0.494395 0.819385
vt 0.505041 0.807394
vt 0.494777 0.807099
vt 0.488848 0.820303
vt 0.489009 0.806929
vt 0.460699 0.811755
vt 0.457630 0.805961
vt 0.462539 0.806118
vt 0.478969 0.806628
vt 0.456247 0.810562
vt 0.452517 0.812389
vt 0.470757 0.814275
vt 0.472068 0.806416
vt 0.477151 0.818001
vt 0.465469 0.806210
vt 0.462504 0.814046
vt 0.706666 0.837287
vt 0.643186 0.810715
vt 0.464636 0.581494
vt 0.740179 0.812211
vt 0.739537 0.840044
vt 0.527333 0.555296
vt 0.516261 0.613012
vt 0.508409 0.607926
vt 0.510150 0.555296
vt 0.500805 0.602565
vt 0.169186 0.059770
vt 0.169047 0.008487
vt 0.169685 0.008529
vt 0.186333 0.206811
vt 0.154593 0.456679
vt 0.139468 0.711549
vt 0.150192 0.456493
vt 0.164097 0.125944
vt 0.164971 0.206172
vt 0.160727 0.205999
vt 0.170159 0.007771
vt 0.169087 0.007556
vt 0.181388 0.057021
vt 0.186387 0.124308
vt 0.167837 0.125810
vt 0.166890 0.059975
vt 0.166059 0.712299
vt 0.161126 0.933135
vt 0.176329 0.457584
vt 0.555890 0.192263
vt 0.528367 0.198179
vt 0.527009 0.192431
vt 0.134862 0.934331
vt 0.130094 0.934528
vt 0.522018 0.192469
vt 0.512130 0.196507
vt 0.510626 0.192567
vt 0.542649 0.246294
vt 0.534714 0.231893
vt 0.528315 0.224479
vt 0.516654 0.241156
vt 0.515181 0.217842
vt 0.482456 0.239438
vt 0.468498 0.219901
vt 0.477853 0.219094
vt 0.479358 0.192914
vt 0.473812 0.194690
vt 0.474355 0.192981
vt 0.460889 0.193173
vt 0.472084 0.246019
vt 0.459750 0.232285
vt 0.441447 0.202814
vt 0.440531 0.193492
vt 0.530242 0.252580
vt 0.523644 0.197440
vt 0.389898 0.339139
vt 0.370839 0.319420
vt 0.425401 0.203660
vt 0.424466 0.193747
vt 0.432650 0.260851
vt 0.453308 0.241453
vt 0.464304 0.258893
vt 0.385832 0.260255
vt 0.364442 0.273446
vt 0.364154 0.260250
vt 0.333530 0.298244
vt 0.307687 0.323049
vt 0.310562 0.292694
vt 0.351027 0.260245
vt 0.342045 0.275183
vt 0.341665 0.260242
vt 0.357594 0.310046
vt 0.347377 0.333581
vt 0.345664 0.303992
vt 0.161347 0.996008
vt 0.132438 0.999239
vt 0.127349 0.999799
vt 0.310449 0.260228
vt 0.296920 0.267172
vt 0.297295 0.260221
vt 0.328618 0.260236
vt 0.310604 0.269399
vt 0.329427 0.271662
vt 0.328748 0.326149
vt 0.285984 0.281987
vt 0.270737 0.293795
vt 0.281888 0.275899
vt 0.281845 0.318776
vt 0.291254 0.287752
vt 0.292540 0.266250
vt 0.290008 0.260217
vt 0.293330 0.260219
vt 0.278897 0.260211
vt 0.288881 0.264931
vt 0.322115 0.612871
vt 0.317576 0.633742
vt 0.307737 0.625247
vt 0.349977 0.606504
vt 0.369543 0.613049
vt 0.346220 0.613527
vt 0.360002 0.628085
vt 0.326695 0.617364
vt 0.328223 0.637609
vt 0.543857 0.555296
vt 0.555851 0.593265
vt 0.556051 0.555296
vt 0.565742 0.590581
vt 0.573415 0.584084
vt 0.574034 0.555296
vt 0.579928 0.555296
vt 0.572202 0.601097
vt 0.580233 0.595480
vt 0.562996 0.619330
vt 0.558982 0.605708
vt 0.526454 0.631200
vt 0.520533 0.622616
vt 0.510646 0.632665
vt 0.635947 0.130652
vt 0.363151 0.342265
vt 0.496413 0.194878
vt 0.496676 0.192710
vt 0.497930 0.236949
vt 0.495495 0.211909
vt 0.338914 0.618117
vt 0.343202 0.637250
vt 0.331926 0.618959
vt 0.477861 0.197671
vt 0.351656 0.275875
vt 0.256112 0.260197
vt 0.459074 0.202183
vt 0.386352 0.274783
vt 0.556830 0.197996
vt 0.143927 0.711696
vt 0.170602 0.006651
vt 0.595855 0.227850
vt 0.591106 0.197337
vt 0.590404 0.192165
vt 0.582491 0.809408
vt 0.583874 0.609151
vt 0.275646 0.306283
vt 0.597974 0.618491
vt 0.602723 0.637636
vt 0.587674 0.621772
vt 0.531166 0.454950
vt 0.561554 0.440399
vt 0.531301 0.462657
vt 0.646480 0.162845
vt 0.666678 0.173640
vt 0.654283 0.179874
vt 0.640329 0.145986
vt 0.658938 0.157564
vt 0.584726 0.647037
vt 0.570090 0.636289
vt 0.677728 0.194079
vt 0.664882 0.200704
vt 0.538601 0.465065
vt 0.653582 0.141593
vt 0.684385 0.189047
vt 0.690620 0.178113
vt 0.674540 0.161076
vt 0.661967 0.141925
vt 0.654086 0.124730
vt 0.648963 0.127703
vt 0.673179 0.122766
vt 0.673756 0.103738
vt 0.694540 0.124067
vt 0.720055 0.134528
vt 0.602467 0.654332
vt 0.578035 0.682315
vt 0.538711 0.740933
vt 0.582694 0.762763
vt 0.538991 0.764657
vt 0.643154 0.762397
vt 0.706726 0.773338
vt 0.643329 0.774766
vt 0.502198 0.776432
vt 0.500648 0.762294
vt 0.582747 0.774724
vt 0.539247 0.774935
vt 0.486378 0.779197
vt 0.488783 0.758615
vt 0.498423 0.739757
vt 0.482200 0.739810
vt 0.482822 0.762849
vt 0.474502 0.745547
vt 0.447108 0.788925
vt 0.429524 0.777358
vt 0.459256 0.753029
vt 0.448168 0.797458
vt 0.455434 0.795074
vt 0.452983 0.799217
vt 0.457072 0.772430
vt 0.446612 0.758780
vt 0.483235 0.779971
vt 0.467807 0.769247
vt 0.436769 0.773510
vt 0.471188 0.784231
vt 0.450923 0.785352
vt 0.463429 0.788360
vt 0.457390 0.793184
vt 0.706054 0.760517
vt 0.738897 0.771005
vt 0.642600 0.739307
vt 0.448480 0.507695
vt 0.490137 0.493260
vt 0.456698 0.518320
vt 0.733443 0.729519
vt 0.738206 0.757490
vt 0.438457 0.440051
vt 0.493331 0.466862
vt 0.486315 0.472921
vt 0.437040 0.458183
vt 0.478966 0.478899
vt 0.505789 0.481540
vt 0.497765 0.487537
vt 0.119853 0.042721
vt 0.166792 0.003865
vt 0.092260 0.201210
vt 0.122870 0.118831
vt 0.113758 0.203107
vt 0.058822 0.452490
vt 0.042860 0.705693
vt 0.054399 0.452287
vt 0.077804 0.108750
vt 0.070404 0.199228
vt 0.066008 0.198839
vt 0.167298 0.005079
vt 0.131353 0.048210
vt 0.102936 0.114577
vt 0.082082 0.109871
vt 0.117521 0.041224
vt 0.069087 0.707399
vt 0.073732 0.927718
vt 0.048685 0.924306
vt 0.102308 0.454437
vt 0.080561 0.453470
vt 0.584649 0.045793
vt 0.556006 0.038140
vt 0.557783 0.032045
vt 0.023915 0.921337
vt 0.019367 0.920754
vt 0.553333 0.028603
vt 0.539142 0.025699
vt 0.540824 0.019142
vt 0.549990 0.092411
vt 0.537671 0.114040
vt 0.547565 0.075448
vt 0.544083 0.065357
vt 0.525901 0.078430
vt 0.532488 0.052742
vt 0.490281 0.067230
vt 0.480271 0.043905
vt 0.489875 0.044107
vt 0.491043 0.013661
vt 0.483860 0.015873
vt 0.484453 0.009398
vt 0.473527 0.020457
vt 0.477784 0.071493
vt 0.468482 0.055032
vt 0.457635 0.021945
vt 0.462213 0.010514
vt 0.535749 0.094074
vt 0.551555 0.034778
vt 0.398876 0.129260
vt 0.378297 0.152566
vt 0.387476 0.103927
vt 0.438893 0.015197
vt 0.443266 0.001853
vt 0.458118 0.104405
vt 0.433853 0.077806
vt 0.459698 0.062697
vt 0.466581 0.082758
vt 0.424063 0.053324
vt 0.398099 0.056033
vt 0.403399 0.042091
vt 0.357094 0.070224
vt 0.325173 0.089772
vt 0.332742 0.057390
vt 0.389789 0.038428
vt 0.374680 0.048938
vt 0.381224 0.034065
vt 0.377774 0.090207
vt 0.360402 0.109859
vt 0.367862 0.080123
vt 0.064547 0.989468
vt 0.035094 0.984744
vt 0.005304 0.980826
vt 0.000201 0.980007
vt 0.344224 0.011714
vt 0.316994 0.016882
vt 0.319871 0.002687
vt 0.368754 0.025101
vt 0.339127 0.025912
vt 0.362573 0.039049
vt 0.344821 0.097438
vt 0.301438 0.041965
vt 0.286420 0.058872
vt 0.294086 0.034739
vt 0.300128 0.083765
vt 0.309162 0.049096
vt 0.308654 0.015337
vt 0.300566 0.000201
vt 0.310335 0.001005
vt 0.278023 0.014930
vt 0.300747 0.014189
vt 0.256727 0.572334
vt 0.300690 0.589091
vt 0.396204 0.551081
vt 0.256112 0.616537
vt 0.366649 0.527351
vt 0.273858 0.547144
vt 0.443014 0.422774
vt 0.485746 0.422776
vt 0.446005 0.409497
vt 0.486285 0.412264
vt 0.482695 0.402456
vt 0.453532 0.390428
vt 0.457133 0.385119
vt 0.498595 0.409397
vt 0.495866 0.399831
vt 0.513302 0.423863
vt 0.498911 0.423583
vt 0.513840 0.462358
vt 0.503849 0.465534
vt 0.516370 0.473672
vt 0.510645 0.477927
vt 0.711681 0.450017
vt 0.725852 0.480239
vt 0.710614 0.480239
vt 0.372580 0.123182
vt 0.515624 0.006642
vt 0.516878 0.000201
vt 0.507372 0.068550
vt 0.511030 0.037819
vt 0.324500 0.521026
vt 0.293203 0.531794
vt 0.490120 0.020177
vt 0.384252 0.053630
vt 0.259313 0.035026
vt 0.473054 0.027052
vt 0.418322 0.066749
vt 0.582990 0.051551
vt 0.047236 0.705992
vt 0.141780 0.052350
vt 0.167654 0.006526
vt 0.607634 0.095494
vt 0.615531 0.065138
vt 0.600198 0.125652
vt 0.617013 0.059995
vt 0.582450 0.739834
vt 0.509992 0.400785
vt 0.293206 0.071323
vt 0.523145 0.390220
vt 0.542777 0.391457
vt 0.523153 0.401013
vt 0.584725 0.463554
vt 0.570090 0.474303
vt 0.715933 0.417426
vt 0.706025 0.400381
vt 0.717662 0.401445
vt 0.713563 0.433785
vt 0.703864 0.415702
vt 0.546347 0.411410
vt 0.531684 0.422177
vt 0.707568 0.381474
vt 0.719178 0.382307
vt 0.699636 0.431260
vt 0.701049 0.381936
vt 0.692288 0.386454
vt 0.694519 0.405328
vt 0.693319 0.426352
vt 0.688103 0.450032
vt 0.696287 0.448167
vt 0.663311 0.457901
vt 0.684299 0.480239
vt 0.663385 0.480239
vt 0.694087 0.480239
vt 0.639806 0.480239
vt 0.638980 0.458697
vt 0.614913 0.480239
vt 0.611710 0.453219
vt 0.558594 0.396679
vt 0.578034 0.428276
vt 0.561555 0.670192
vt 0.582746 0.786671
vt 0.643398 0.787193
vt 0.539367 0.785096
vt 0.503839 0.789300
vt 0.495105 0.794823
vt 0.489632 0.793584
vt 0.461067 0.800380
vt 0.456561 0.801282
vt 0.471245 0.798498
vt 0.477843 0.795177
vt 0.463008 0.798210
vt 0.707395 0.786352
vt 0.464636 0.529099
vt 0.707732 0.811801
vt 0.516261 0.497580
vt 0.508408 0.502666
vt 0.469553 0.555296
vt 0.164619 0.059578
vt 0.500804 0.508027
vt 0.142021 0.122445
vt 0.135143 0.204658
vt 0.145791 0.456309
vt 0.156483 0.205815
vt 0.168000 0.007681
vt 0.152640 0.055796
vt 0.168411 0.008470
vt 0.160382 0.125496
vt 0.112909 0.710065
vt 0.090946 0.708777
vt 0.124056 0.455386
vt 0.528288 0.186662
vt 0.556782 0.186520
vt 0.125358 0.933931
vt 0.135013 0.711321
vt 0.512057 0.188596
vt 0.523567 0.187469
vt 0.541982 0.138211
vt 0.548441 0.115916
vt 0.527879 0.160278
vt 0.515846 0.143565
vt 0.529472 0.132102
vt 0.467723 0.166169
vt 0.481085 0.146048
vt 0.477127 0.166699
vt 0.473764 0.191291
vt 0.477734 0.188195
vt 0.458571 0.154033
vt 0.470429 0.139835
vt 0.441152 0.184139
vt 0.458806 0.184218
vt 0.534214 0.152759
vt 0.389935 0.181403
vt 0.400198 0.156323
vt 0.425092 0.183815
vt 0.430204 0.126361
vt 0.451867 0.145104
vt 0.462384 0.127132
vt 0.364451 0.247054
vt 0.386357 0.245729
vt 0.333564 0.222238
vt 0.307753 0.197414
vt 0.328811 0.194338
vt 0.342057 0.245301
vt 0.351668 0.244617
vt 0.357630 0.210460
vt 0.347438 0.186929
vt 0.363209 0.178265
vt 0.099288 0.930535
vt 0.122325 0.998813
vt 0.296928 0.253269
vt 0.310613 0.251056
vt 0.329437 0.248812
vt 0.345699 0.216502
vt 0.286009 0.238443
vt 0.270778 0.226619
vt 0.275700 0.214140
vt 0.310595 0.227765
vt 0.281912 0.201657
vt 0.292546 0.254187
vt 0.288886 0.255502
vt 0.273247 0.657200
vt 0.298496 0.674131
vt 0.410578 0.624723
vt 0.410578 0.586486
vt 0.392059 0.657858
vt 0.322153 0.681165
vt 0.555851 0.517327
vt 0.565742 0.520010
vt 0.573415 0.526508
vt 0.572202 0.509494
vt 0.580233 0.515111
vt 0.562995 0.491262
vt 0.575947 0.496475
vt 0.558982 0.504884
vt 0.526453 0.479392
vt 0.520532 0.487976
vt 0.711681 0.510461
vt 0.370876 0.201100
vt 0.496365 0.190549
vt 0.514741 0.167133
vt 0.496864 0.148050
vt 0.355246 0.679508
vt 0.495054 0.173473
vt 0.281906 0.244527
vt 0.291284 0.232685
vt 0.093789 0.993167
vt 0.595756 0.156357
vt 0.591083 0.186987
vt 0.583874 0.501441
vt 0.602723 0.472955
vt 0.597974 0.492100
vt 0.587674 0.488819
vt 0.531168 0.655642
vt 0.706025 0.560097
vt 0.715933 0.543053
vt 0.717662 0.559034
vt 0.703864 0.544777
vt 0.713563 0.526694
vt 0.707568 0.579005
vt 0.719178 0.578172
vt 0.538603 0.645526
vt 0.699636 0.529219
vt 0.701049 0.578543
vt 0.694519 0.555151
vt 0.693319 0.534127
vt 0.688103 0.510447
vt 0.696287 0.512312
vt 0.663311 0.502578
vt 0.638980 0.501782
vt 0.611710 0.507260
vt 0.602466 0.456259
vt 0.681157 0.537169
vt 0.675180 0.525034
vt 0.682609 0.555173
vt 0.681217 0.572919
vt 0.639960 0.517805
vt 0.614095 0.521992
vt 0.659635 0.518757
vt 0.675180 0.435445
vt 0.659635 0.441721
vt 0.639960 0.442674
vt 0.614095 0.438487
vt 0.681217 0.387560
vt 0.682609 0.405306
vt 0.681157 0.423310
vt 0.621430 0.133759
vt 0.626385 0.150523
vt 0.641378 0.186064
vt 0.651993 0.207183
vt 0.575947 0.614117
vt 0.633197 0.168326
vt 0.531302 0.647935
vt 0.621560 0.073492
vt 0.626587 0.056750
vt 0.641733 0.021273
vt 0.652439 0.000201
vt 0.633476 0.038976
vt 0.726302 0.509493
vt 0.727105 0.525383
vt 0.729594 0.558067
vt 0.730945 0.577348
vt 0.728390 0.541822
vt 0.726302 0.450986
vt 0.727105 0.435095
vt 0.729594 0.402411
vt 0.730945 0.383131
vt 0.512277 0.409862
vt 0.728390 0.418656
vt 0.450084 0.805716
vt 0.737016 0.867147
vt 0.450036 0.380756
vt 0.441740 0.283739
vt 0.255710 0.990752
vt 0.457135 0.725474
vt 0.539598 0.729117
vt 0.690940 0.029437
vt 0.611307 0.631578
vt 0.703316 0.736566
vt 0.424466 0.494964
vt 0.438185 0.102807
vt 0.539596 0.381474
vt 0.740179 0.784428
vt 0.611307 0.479014
vt 0.692288 0.574025
vn -0.9982 0.0600 0.0000
vn -0.5573 -0.0016 0.8303
vn -0.9999 -0.0106 0.0000
vn 0.0000 -0.0755 0.9971
vn -0.5524 0.0000 0.8336
vn 0.0000 0.0000 1.0000
vn -0.5221 0.0349 0.8521
vn 0.0000 0.0086 0.9999
vn -0.4484 0.1846 0.8745
vn 0.0000 -0.3887 0.9214
vn -0.9018 0.4321 0.0000
vn -0.6522 -0.0328 0.7573
vn -0.4976 -0.3714 0.7838
vn -0.9343 -0.3564 0.0000
vn -0.9994 0.0333 0.0000
vn -0.7054 -0.7088 0.0000
vn -0.4816 0.5061 0.7154
vn -0.8853 0.4649 0.0000
vn -0.9849 0.1730 0.0000
vn -0.3989 -0.6283 0.6679
vn 0.0000 0.2748 0.9615
vn -0.6125 -0.0720 0.7872
vn -0.4715 0.0744 0.8787
vn 0.0000 -0.2905 0.9568
vn -0.8569 0.5155 0.0000
vn -0.9959 -0.0900 0.0000
vn -0.1144 0.4978 0.8596
vn 0.0000 0.4092 0.9124
vn 0.0000 -0.2135 0.9769
vn -0.5493 -0.0900 0.8308
vn -1.0000 0.0000 0.0000
vn 0.0000 -0.4214 0.9069
vn -0.5033 -0.2390 0.8304
vn -0.9655 -0.2602 0.0000
vn -0.9957 -0.0927 0.0000
vn -0.2385 -0.3905 0.8892
vn -0.8939 -0.4482 0.0000
vn -0.3952 -0.5446 0.7397
vn -0.8701 -0.4928 0.0000
vn 0.0000 -0.1962 0.9806
vn 0.0000 -0.5582 0.8296
vn -0.6092 0.1798 0.7724
vn -0.6019 0.7985 0.0000
vn -0.9643 0.2649 0.0000
vn -0.4549 -0.4200 0.7852
vn -0.2667 0.0366 0.9631
vn -0.2678 0.0000 0.9635
vn -0.9999 0.0119 0.0000
vn -0.5492 0.0000 0.8357
vn -0.9933 0.1156 0.0000
vn -0.0219 0.7371 0.6754
vn 0.0000 1.0000 0.0000
vn -0.2335 0.0871 0.9684
vn -0.4782 0.6660 0.5724
vn -0.5627 0.0711 0.8236
vn -0.2683 0.0052 0.9633
vn 0.0000 0.0524 0.9986
vn 0.0000 0.0064 1.0000
vn -0.9801 0.1984 0.0000
vn -0.4897 0.1812 0.8528
vn -0.4740 0.1052 0.8742
vn -0.4851 0.0556 0.8727
vn -0.5479 0.0070 0.8365
vn -0.8999 0.4361 0.0000
vn -0.5043 0.2668 0.8213
vn -0.5054 0.2569 0.8237
vn -0.3066 0.1336 0.9424
vn 0.0000 -0.5252 0.8510
vn 0.0000 0.1033 0.9946
vn -0.4115 0.3728 0.8316
vn 0.2998 -0.1594 0.9405
vn 0.2114 -0.1671 0.9630
vn -0.5099 -0.4338 0.7428
vn 0.3416 0.1209 0.9320
vn -0.5514 -0.1562 0.8195
vn -0.9801 -0.1984 0.0000
vn -0.5295 -0.3057 0.7913
vn -0.5260 -0.0575 0.8485
vn -0.9833 -0.1820 0.0000
vn -0.9728 -0.2315 0.0000
vn -0.4158 -0.2018 0.8867
vn 0.2878 0.0864 0.9538
vn -0.5570 0.4789 0.6785
vn -0.5156 -0.0377 0.8560
vn -0.3560 0.3104 0.8814
vn -0.9348 0.3551 0.0000
vn -0.2448 0.1518 0.9576
vn 0.0000 -0.5111 0.8595
vn 0.0000 0.1401 0.9901
vn -0.8542 0.5198 0.0000
vn -0.6323 0.2649 0.7279
vn 0.0000 0.6340 0.7733
vn -0.3197 0.0768 0.9444
vn 0.1419 0.3050 0.9417
vn -0.9405 0.3399 0.0000
vn -0.7241 0.0717 0.6859
vn -0.3580 0.1692 0.9183
vn 0.5384 -0.0290 0.8422
vn 0.4659 -0.1386 0.8739
vn -0.9996 0.0288 0.0000
vn -0.6565 0.3259 0.6802
vn -0.6865 0.0340 0.7262
vn -0.3138 0.2347 0.9200
vn 0.4310 -0.2523 0.8663
vn 0.2534 -0.2005 0.9463
vn -0.2989 0.0441 0.9532
vn 0.0000 0.0921 0.9957
vn -0.9937 0.1123 0.0000
vn -0.4780 0.0860 0.8741
vn -0.9587 0.2843 0.0000
vn -0.7276 0.0826 0.6810
vn -0.7042 0.2073 0.6790
vn -0.8821 0.4710 0.0000
vn -0.6728 0.3667 0.6425
vn -0.8901 0.4558 0.0000
vn -0.3524 0.2196 0.9097
vn -0.3456 0.1170 0.9310
vn -0.7930 0.3774 0.4783
vn -0.5777 0.5201 0.6291
vn -0.3402 0.0706 0.9377
vn -0.4288 0.7507 0.5024
vn -0.7618 -0.6478 0.0000
vn -0.7275 0.0004 0.6860
vn -0.9999 -0.0096 0.0000
vn 0.0000 -1.0000 0.0000
vn -0.5732 -0.6266 0.5279
vn 0.7538 0.6570 0.0000
vn 0.4615 -0.8871 0.0000
vn 0.9610 0.2765 0.0000
vn -0.4210 -0.5524 0.7195
vn -0.7613 -0.6484 0.0000
vn -0.7737 -0.0197 0.6332
vn -0.7383 -0.6744 0.0000
vn -0.9992 0.0390 0.0000
vn -0.4259 0.4866 0.7627
vn 0.5865 0.4091 0.6990
vn 0.0995 0.8147 0.5713
vn 0.0616 0.0071 0.9980
vn 0.6220 0.4081 0.6682
vn 0.0905 0.0675 0.9936
vn 0.0000 0.4873 0.8732
vn 0.5814 -0.8136 0.0000
vn -0.2570 0.2782 0.9255
vn -0.8701 0.4928 0.0000
vn -0.5299 -0.1084 0.8411
vn -0.4595 0.2716 0.8456
vn 0.4030 -0.0740 0.9122
vn 0.8311 -0.5560 0.0000
vn 0.9918 -0.1278 0.0000
vn -0.4702 -0.0422 0.8815
vn -0.9940 -0.1093 0.0000
vn -0.9379 -0.3468 0.0000
vn -0.2713 -0.6679 0.6930
vn -0.3271 0.0809 0.9415
vn -0.3299 0.0781 0.9408
vn 0.0000 0.0396 0.9992
vn 0.0000 0.0928 0.9957
vn -0.9846 0.1748 0.0000
vn -0.9946 0.1039 0.0000
vn -0.0308 0.4782 0.8777
vn 0.4655 0.8850 0.0000
vn 0.1600 0.9871 0.0000
vn 0.6869 -0.0519 0.7248
vn 0.9518 -0.3067 0.0000
vn 0.9970 -0.0774 0.0000
vn 0.6623 -0.2224 0.7154
vn 0.8531 -0.5218 0.0000
vn 0.1346 0.8035 0.5798
vn 0.5689 0.7720 0.2833
vn 0.3576 0.7169 0.5984
vn 0.5595 -0.3477 0.7523
vn 0.6159 0.0323 0.7872
vn 0.5572 -0.1720 0.8123
vn -0.1191 -0.0458 0.9918
vn 0.3985 -0.5729 0.7162
vn -0.6772 -0.0457 0.7343
vn 0.0000 0.0620 0.9980
vn 0.0000 -0.7212 0.6927
vn -0.6496 0.1433 0.7467
vn 0.0000 0.5165 0.8563
vn -0.0001 0.1710 0.9853
vn 0.9982 0.0600 0.0000
vn 0.5573 -0.0016 0.8303
vn 0.5221 0.0349 0.8521
vn 0.5524 0.0000 0.8336
vn 0.4484 0.1846 0.8745
vn 0.6522 -0.0328 0.7573
vn 0.9018 0.4321 0.0000
vn 0.9994 0.0333 0.0000
vn 0.4976 -0.3714 0.7838
vn 0.9343 -0.3564 0.0000
vn 0.4816 0.5061 0.7154
vn 0.7054 -0.7088 0.0000
vn 0.8853 0.4649 0.0000
vn 0.9849 0.1730 0.0000
vn 0.3989 -0.6283 0.6679
vn 0.0000 -0.7201 0.6938
vn 0.6125 -0.0720 0.7872
vn 0.9959 -0.0900 0.0000
vn 0.4715 0.0744 0.8787
vn 0.8569 0.5155 0.0000
vn 0.1144 0.4978 0.8596
vn 0.5493 -0.0900 0.8308
vn 1.0000 0.0000 0.0000
vn 0.5033 -0.2390 0.8304
vn 0.9655 -0.2602 0.0000
vn 0.8939 -0.4482 0.0000
vn 0.2385 -0.3905 0.8892
vn 0.3952 -0.5446 0.7397
vn 0.8701 -0.4928 0.0000
vn 0.4549 -0.4200 0.7852
vn 0.6092 0.1798 0.7724
vn 0.6040 0.7969 0.0087
vn 0.4782 0.6660 0.5724
vn 0.2678 0.0000 0.9635
vn 0.5492 0.0000 0.8357
vn 0.9999 0.0119 0.0000
vn 0.9933 0.1156 0.0000
vn 0.0219 0.7371 0.6754
vn -0.0027 1.0000 0.0028
vn 0.2335 0.0871 0.9684
vn 0.2667 0.0366 0.9631
vn 0.5627 0.0711 0.8236
vn 0.9643 0.2649 0.0000
vn 0.2683 0.0052 0.9633
vn 0.2989 0.0441 0.9532
vn 0.9801 0.1984 0.0000
vn 0.4897 0.1812 0.8528
vn 0.9348 0.3551 0.0000
vn 0.4851 0.0556 0.8727
vn 0.9937 0.1123 0.0000
vn 0.8999 0.4361 0.0000
vn 0.5043 0.2668 0.8213
vn 0.8701 0.4928 0.0000
vn 0.3066 0.1336 0.9424
vn 0.3560 0.3104 0.8814
vn 0.4115 0.3728 0.8316
vn -0.2998 -0.1594 0.9405
vn 0.4595 0.2716 0.8456
vn -0.3416 0.1209 0.9320
vn 0.5099 -0.4338 0.7428
vn 0.5514 -0.1562 0.8195
vn 0.9801 -0.1984 0.0000
vn 0.5295 -0.3057 0.7913
vn 0.9728 -0.2315 0.0000
vn 0.9833 -0.1820 0.0000
vn -0.2878 0.0864 0.9538
vn 0.4158 -0.2018 0.8867
vn 0.5570 0.4789 0.6785
vn 0.8542 0.5198 0.0000
vn -0.2114 -0.1671 0.9630
vn 0.5054 0.2569 0.8237
vn 0.2448 0.1518 0.9576
vn 0.2570 0.2782 0.9255
vn 0.6323 0.2649 0.7279
vn 0.9405 0.3399 0.0000
vn 0.3197 0.0768 0.9444
vn -0.1419 0.3050 0.9417
vn 0.7241 0.0717 0.6859
vn 0.3580 0.1692 0.9183
vn -0.5384 -0.0290 0.8422
vn 0.3402 0.0706 0.9377
vn 0.9996 0.0288 0.0000
vn 0.6565 0.3259 0.6802
vn 0.8901 0.4558 0.0000
vn 0.3138 0.2347 0.9200
vn -0.4310 -0.2523 0.8663
vn 0.3524 0.2196 0.9097
vn 0.3299 0.0781 0.9408
vn 0.4780 0.0860 0.8741
vn 0.9846 0.1748 0.0000
vn 0.9587 0.2843 0.0000
vn 0.7276 0.0826 0.6810
vn 0.9946 0.1039 0.0000
vn 0.8821 0.4710 0.0000
vn 0.7042 0.2073 0.6790
vn 0.6728 0.3667 0.6425
vn -0.4659 -0.1386 0.8739
vn 0.3456 0.1170 0.9310
vn 0.7930 0.3774 0.4783
vn 0.2713 -0.6679 0.6930
vn 0.4288 0.7507 0.5024
vn 0.3271 0.0809 0.9415
vn 0.7275 0.0004 0.6860
vn 0.7618 -0.6478 0.0000
vn 0.9999 -0.0096 0.0000
vn 0.5732 -0.6266 0.5279
vn -0.7538 0.6570 0.0000
vn -0.4328 0.9015 0.0000
vn -0.4615 -0.8871 0.0000
vn -0.8311 -0.5560 0.0000
vn -0.9610 0.2765 0.0000
vn 0.7613 -0.6484 0.0000
vn 0.4210 -0.5524 0.7195
vn 0.7383 -0.6744 0.0000
vn 0.7737 -0.0197 0.6332
vn 0.9992 0.0390 0.0000
vn 0.9379 -0.3468 0.0000
vn 0.4259 0.4866 0.7627
vn 0.5777 0.5201 0.6291
vn -0.5865 0.4091 0.6990
vn -0.0616 0.0071 0.9980
vn -0.6220 0.4081 0.6682
vn -0.0905 0.0675 0.9936
vn 0.0000 0.2459 0.9693
vn -0.5814 -0.8136 0.0000
vn -0.2534 -0.2005 0.9463
vn 0.5300 -0.1084 0.8411
vn 0.9940 -0.1093 0.0000
vn -0.4030 -0.0740 0.9122
vn 0.4702 -0.0422 0.8815
vn -0.9918 -0.1278 0.0000
vn 0.5260 -0.0575 0.8485
vn 0.6865 0.0340 0.7262
vn 0.5156 -0.0377 0.8560
vn 0.4740 0.1052 0.8742
vn 0.5479 0.0070 0.8365
vn 0.0000 0.7380 0.6748
vn 0.9999 -0.0106 0.0000
vn -0.4655 0.8850 0.0000
vn 0.0308 0.4782 0.8777
vn -0.1600 0.9871 0.0000
vn 0.5949 0.4059 -0.6937
vn 0.0000 0.8025 -0.5966
vn 0.0000 0.8137 -0.5813
vn -0.9518 -0.3067 0.0000
vn -0.6869 -0.0519 0.7248
vn -0.9970 -0.0774 0.0000
vn -0.8531 -0.5218 0.0000
vn -0.6623 -0.2224 0.7154
vn -0.1346 0.8035 0.5798
vn -0.5689 0.7720 0.2833
vn -0.3576 0.7169 0.5984
vn -0.5949 0.4059 -0.6937
vn -0.5595 -0.3477 0.7523
vn 0.0001 0.1710 0.9853
vn -0.6159 0.0323 0.7872
vn -0.5572 -0.1720 0.8123
vn 0.1191 -0.0458 0.9918
vn -0.3985 -0.5729 0.7162
vn 0.6772 -0.0457 0.7343
vn 0.6496 0.1433 0.7467
vn -0.5573 -0.0016 -0.8303
vn -0.5221 0.0349 -0.8521
vn -0.5524 0.0000 -0.8336
vn 0.0000 -0.0755 -0.9971
vn 0.0000 0.0000 -1.0000
vn -0.4484 0.1846 -0.8745
vn 0.0000 0.0086 -0.9999
vn 0.0000 -0.3887 -0.9214
vn -0.6522 -0.0328 -0.7573
vn -0.4976 -0.3714 -0.7838
vn -0.4816 0.5061 -0.7154
vn -0.3989 -0.6283 -0.6679
vn 0.0000 0.2748 -0.9615
vn 0.0000 -0.7201 -0.6938
vn -0.6125 -0.0720 -0.7872
vn 0.0000 -0.2905 -0.9568
vn -0.4715 0.0744 -0.8787
vn -0.1144 0.4978 -0.8596
vn 0.0000 0.4092 -0.9124
vn -0.5493 -0.0900 -0.8308
vn 0.0000 -0.2135 -0.9769
vn -0.5033 -0.2390 -0.8304
vn 0.0000 -0.4214 -0.9069
vn -0.2385 -0.3905 -0.8892
vn -0.3952 -0.5446 -0.7397
vn -0.4549 -0.4200 -0.7852
vn 0.0000 -0.1962 -0.9806
vn 0.0000 -0.5582 -0.8296
vn -0.6092 0.1798 -0.7724
vn -0.4782 0.6660 -0.5724
vn -0.2678 0.0000 -0.9635
vn 0.0000 0.0396 -0.9992
vn -0.5492 0.0000 -0.8357
vn -0.0219 0.7371 -0.6754
vn -0.2335 0.0871 -0.9684
vn -0.2667 0.0366 -0.9631
vn -0.5627 0.0711 -0.8236
vn -0.2683 0.0052 -0.9633
vn 0.0000 0.0524 -0.9986
vn -0.2989 0.0441 -0.9532
vn -0.4897 0.1812 -0.8528
vn -0.4851 0.0556 -0.8727
vn -0.5043 0.2668 -0.8213
vn -0.3066 0.1336 -0.9424
vn 0.0000 -0.5252 -0.8510
vn -0.3560 0.3104 -0.8814
vn -0.4115 0.3728 -0.8316
vn 0.2998 -0.1594 -0.9405
vn -0.4595 0.2716 -0.8456
vn 0.3416 0.1209 -0.9320
vn -0.5099 -0.4338 -0.7428
vn -0.5514 -0.1562 -0.8195
vn -0.5295 -0.3057 -0.7913
vn 0.2878 0.0864 -0.9538
vn -0.4158 -0.2018 -0.8867
vn -0.5570 0.4789 -0.6785
vn 0.2114 -0.1671 -0.9630
vn -0.5054 0.2569 -0.8237
vn -0.2448 0.1518 -0.9576
vn 0.0000 -0.5111 -0.8595
vn -0.2570 0.2782 -0.9255
vn -0.6323 0.2649 -0.7279
vn 0.0000 0.6340 -0.7733
vn -0.3197 0.0768 -0.9444
vn 0.1419 0.3050 -0.9417
vn -0.7241 0.0717 -0.6859
vn -0.3580 0.1692 -0.9183
vn 0.5384 -0.0290 -0.8422
vn -0.3402 0.0706 -0.9377
vn -0.6565 0.3259 -0.6802
vn -0.3138 0.2347 -0.9200
vn 0.4310 -0.2523 -0.8663
vn -0.3524 0.2196 -0.9097
vn 0.0000 0.0921 -0.9957
vn -0.3299 0.0781 -0.9408
vn -0.4780 0.0860 -0.8741
vn -0.7276 0.0826 -0.6810
vn -0.7042 0.2073 -0.6790
vn -0.6728 0.3667 -0.6425
vn 0.4659 -0.1386 -0.8739
vn -0.3456 0.1170 -0.9310
vn -0.7930 0.3774 -0.4783
vn -0.2713 -0.6679 -0.6930
vn -0.4288 0.7507 -0.5024
vn -0.3271 0.0809 -0.9415
vn -0.7275 0.0004 -0.6860
vn -0.5732 -0.6266 -0.5279
vn 0.4328 0.9015 0.0000
vn -0.4210 -0.5524 -0.7195
vn -0.7737 -0.0197 -0.6332
vn -0.4259 0.4866 -0.7627
vn -0.5777 0.5201 -0.6291
vn 0.5865 0.4091 -0.6990
vn 0.0616 0.0071 -0.9980
vn 0.6220 0.4081 -0.6682
vn 0.0905 0.0675 -0.9936
vn 0.0000 0.4873 -0.8732
vn 0.0000 0.2459 -0.9693
vn 0.2534 -0.2005 -0.9463
vn -0.5300 -0.1084 -0.8411
vn 0.4030 -0.0740 -0.9122
vn -0.4702 -0.0422 -0.8815
vn -0.5260 -0.0575 -0.8485
vn -0.6865 0.0340 -0.7262
vn -0.5156 -0.0377 -0.8560
vn -0.4740 0.1052 -0.8742
vn -0.5479 0.0070 -0.8365
vn 0.0000 0.0928 -0.9957
vn 0.0000 0.7380 -0.6748
vn -0.0308 0.4782 -0.8777
vn -0.1346 0.8035 -0.5798
vn -0.5689 0.7720 -0.2833
vn 0.6869 -0.0519 -0.7248
vn 0.6623 -0.2224 -0.7154
vn 0.1346 0.8035 -0.5798
vn 0.5689 0.7720 -0.2833
vn 0.3576 0.7169 -0.5984
vn 0.5595 -0.3477 -0.7523
vn -0.0001 0.1710 -0.9853
vn 0.6159 0.0323 -0.7872
vn 0.5572 -0.1720 -0.8123
vn -0.1191 -0.0458 -0.9918
vn 0.3985 -0.5729 -0.7162
vn -0.6772 -0.0457 -0.7343
vn 0.0000 0.0620 -0.9980
vn 0.0000 -0.7212 -0.6927
vn -0.6496 0.1433 -0.7467
vn 0.0000 0.5165 -0.8563
vn 0.0000 0.8025 0.5966
vn 0.5573 -0.0016 -0.8303
vn 0.5524 0.0000 -0.8336
vn 0.5221 0.0349 -0.8521
vn 0.4484 0.1846 -0.8745
vn 0.6522 -0.0328 -0.7573
vn 0.4976 -0.3714 -0.7838
vn 0.4816 0.5061 -0.7154
vn 0.3989 -0.6283 -0.6679
vn 0.6125 -0.0720 -0.7872
vn 0.4715 0.0744 -0.8787
vn 0.1144 0.4978 -0.8596
vn 0.5493 -0.0900 -0.8308
vn 0.5033 -0.2390 -0.8304
vn 0.9957 -0.0927 0.0000
vn 0.2385 -0.3905 -0.8892
vn 0.3952 -0.5446 -0.7397
vn 0.6092 0.1798 -0.7724
vn 0.4549 -0.4200 -0.7852
vn 0.2667 0.0366 -0.9631
vn 0.2678 0.0000 -0.9635
vn 0.5492 0.0000 -0.8357
vn 0.0143 0.7350 -0.6778
vn 0.2335 0.0871 -0.9684
vn 0.4738 0.6743 -0.5664
vn 0.5627 0.0711 -0.8236
vn 0.2683 0.0052 -0.9633
vn 0.0000 0.0064 -1.0000
vn 0.4897 0.1812 -0.8528
vn 0.4740 0.1052 -0.8742
vn 0.4851 0.0556 -0.8727
vn 0.5479 0.0070 -0.8365
vn 0.5043 0.2668 -0.8213
vn 0.5054 0.2569 -0.8237
vn 0.3066 0.1336 -0.9424
vn 0.0000 0.1033 -0.9946
vn 0.4115 0.3728 -0.8316
vn -0.2998 -0.1594 -0.9405
vn -0.2114 -0.1671 -0.9630
vn 0.5099 -0.4338 -0.7428
vn -0.3416 0.1209 -0.9320
vn 0.5514 -0.1562 -0.8195
vn 0.5295 -0.3057 -0.7913
vn 0.5260 -0.0575 -0.8485
vn 0.4158 -0.2018 -0.8867
vn -0.2878 0.0864 -0.9538
vn 0.5570 0.4789 -0.6785
vn 0.5156 -0.0377 -0.8560
vn 0.3560 0.3104 -0.8814
vn 0.2448 0.1518 -0.9576
vn 0.0000 0.1401 -0.9901
vn 0.6323 0.2649 -0.7279
vn 0.3197 0.0768 -0.9444
vn -0.1419 0.3050 -0.9417
vn 0.7241 0.0717 -0.6859
vn 0.3580 0.1692 -0.9183
vn -0.5384 -0.0290 -0.8422
vn -0.4659 -0.1386 -0.8739
vn 0.6565 0.3259 -0.6802
vn 0.6865 0.0340 -0.7262
vn 0.3138 0.2347 -0.9200
vn -0.4310 -0.2523 -0.8663
vn -0.2534 -0.2005 -0.9463
vn 0.2989 0.0441 -0.9532
vn 0.4780 0.0860 -0.8741
vn 0.7276 0.0826 -0.6810
vn 0.7042 0.2073 -0.6790
vn 0.6728 0.3667 -0.6425
vn 0.3524 0.2196 -0.9097
vn 0.3456 0.1170 -0.9310
vn 0.7930 0.3774 -0.4783
vn 0.5777 0.5201 -0.6291
vn 0.3402 0.0706 -0.9377
vn 0.4288 0.7507 -0.5024
vn 0.7275 0.0004 -0.6860
vn 0.5732 -0.6266 -0.5279
vn 0.4210 -0.5524 -0.7195
vn 0.7737 -0.0197 -0.6332
vn 0.4259 0.4866 -0.7627
vn -0.5865 0.4091 -0.6990
vn -0.0995 0.8147 -0.5713
vn -0.0616 0.0071 -0.9980
vn -0.6220 0.4081 -0.6682
vn -0.0905 0.0675 -0.9936
vn 0.2570 0.2782 -0.9255
vn 0.5299 -0.1084 -0.8411
vn 0.4595 0.2716 -0.8456
vn -0.4030 -0.0740 -0.9122
vn 0.4702 -0.0422 -0.8815
vn 0.2713 -0.6679 -0.6930
vn 0.3271 0.0809 -0.9415
vn 0.3299 0.0781 -0.9408
vn 0.0308 0.4782 -0.8777
vn 0.5949 0.4059 0.6937
vn -0.6869 -0.0519 -0.7248
vn -0.6623 -0.2224 -0.7154
vn -0.3576 0.7169 -0.5984
vn -0.5949 0.4059 0.6937
vn -0.5595 -0.3477 -0.7523
vn -0.6159 0.0323 -0.7872
vn -0.5572 -0.1720 -0.8123
vn 0.1191 -0.0458 -0.9918
vn -0.3985 -0.5729 -0.7162
vn 0.6772 -0.0457 -0.7343
vn 0.6496 0.1433 -0.7467
vn 0.0001 0.1710 -0.9853
vn -0.0995 0.8147 0.5713
vn 0.0000 0.8137 0.5813
vn 0.0995 0.8147 -0.5713
s 1
f 338/1/1 2/2/2 339/3/3
f 209/4/4 83/5/5 228/6/6
f 1/7/7 202/8/6 199/9/8
f 1/7/7 200/10/8 2/2/2
f 4/11/9 201/12/10 202/8/6
f 338/1/1 4/11/9 1/7/7
f 340/13/11 5/14/12 4/11/9
f 6/15/13 201/12/10 5/14/12
f 341/16/14 5/14/12 337/17/15
f 345/18/16 11/19/17 346/20/18
f 342/21/19 6/15/13 341/16/14
f 10/22/20 208/23/21 11/19/17
f 342/21/19 8/24/22 7/25/23
f 7/25/23 203/26/24 6/15/13
f 344/27/25 8/24/22 343/28/26
f 344/27/25 11/19/17 9/29/27
f 204/30/6 8/24/22 205/31/6
f 9/29/27 205/31/6 8/24/22
f 9/29/27 208/23/21 206/32/28
f 210/33/29 12/34/30 209/4/4
f 12/34/30 388/35/31 83/5/5
f 211/36/32 3/37/33 210/38/29
f 12/34/30 348/39/34 347/40/35
f 14/41/36 354/42/37 17/43/38
f 3/37/33 349/44/39 348/45/34
f 212/46/40 17/43/38 215/47/41
f 19/48/42 355/49/43 356/50/44
f 17/43/38 349/44/39 13/51/45
f 214/52/6 58/53/46 57/54/47
f 357/55/48 43/56/49 371/57/31
f 16/58/49 353/59/50 351/60/31
f 215/47/41 13/51/45 211/36/32
f 59/61/51 578/62/52 385/63/52
f 60/64/53 18/65/54 19/48/42
f 58/53/46 19/48/42 15/66/55
f 15/66/55 356/50/44 353/59/50
f 61/67/56 219/68/57 218/69/58
f 61/67/56 225/70/6 76/71/47
f 387/72/59 22/73/60 81/74/61
f 357/55/48 21/75/62 20/76/63
f 365/77/64 24/78/65 34/79/66
f 82/80/67 220/81/68 227/82/69
f 70/83/70 23/84/71 35/85/72
f 67/86/73 27/87/74 66/88/75
f 361/89/76 30/90/77 28/91/78
f 363/92/79 30/90/77 362/93/80
f 68/94/81 29/95/82 67/86/73
f 363/92/79 33/96/83 32/97/84
f 63/98/85 35/85/72 220/81/68
f 358/99/86 34/79/66 22/73/60
f 71/100/87 223/101/88 222/102/89
f 364/103/90 36/104/91 33/96/83
f 71/105/87 221/106/92 69/107/93
f 69/107/93 31/108/94 68/94/81
f 366/109/95 37/110/96 36/111/91
f 78/112/97 44/113/98 46/114/99
f 368/115/100 41/116/101 39/117/102
f 73/118/103 40/119/104 38/120/105
f 62/121/106 224/122/107 219/68/57
f 352/123/108 42/124/109 21/75/62
f 76/71/47 214/52/6 57/54/47
f 371/57/31 16/58/49 351/60/31
f 372/125/110 49/126/111 45/127/112
f 373/128/113 45/127/112 47/129/114
f 369/130/115 47/129/114 41/116/101
f 74/131/116 46/114/99 40/119/104
f 89/132/117 51/133/118 85/134/119
f 77/135/120 48/136/121 44/113/98
f 376/137/122 84/138/123 389/139/124
f 386/140/125 50/141/126 376/137/122
f 31/142/94 379/143/127 29/144/82
f 35/145/72 580/146/125 220/147/68
f 579/148/52 31/142/94 221/149/92
f 23/150/71 377/151/128 35/145/72
f 29/144/82 380/152/129 27/153/74
f 52/154/130 350/155/131 14/41/36
f 53/156/132 382/157/133 52/154/130
f 51/158/118 383/159/134 53/156/132
f 51/158/118 86/160/135 85/161/119
f 86/160/135 55/162/136 54/163/137
f 87/164/138 56/165/139 55/162/136
f 88/166/140 226/167/141 56/165/139
f 223/168/88 598/169/142 596/170/125
f 72/171/143 38/120/105 223/101/88
f 368/115/100 37/110/96 367/172/1
f 359/173/144 26/174/145 24/78/65
f 64/175/146 25/176/147 23/84/71
f 384/177/148 25/178/147 381/179/149
f 381/179/149 27/153/74 380/152/129
f 66/88/75 25/176/147 65/180/150
f 361/89/76 26/174/145 360/181/151
f 28/91/78 65/180/150 26/174/145
f 24/78/65 65/180/150 64/175/146
f 37/110/96 73/118/103 72/171/143
f 375/182/152 80/183/153 386/140/125
f 45/127/112 79/184/154 77/135/120
f 84/138/123 80/183/153 89/132/117
f 41/116/101 78/112/97 74/131/116
f 43/56/49 57/54/47 16/58/49
f 21/75/62 75/185/155 62/121/106
f 39/117/102 74/131/116 73/118/103
f 47/129/114 77/135/120 78/112/97
f 33/96/83 68/94/81 32/97/84
f 36/104/91 69/107/93 33/96/83
f 36/111/91 72/171/143 71/100/87
f 22/73/60 70/83/70 63/98/85
f 32/97/84 67/86/73 30/90/77
f 28/91/78 67/86/73 66/88/75
f 34/79/66 64/175/146 70/83/70
f 81/74/61 63/98/85 82/80/67
f 20/76/63 76/71/47 43/56/49
f 20/76/63 62/121/106 61/67/56
f 213/186/156 60/64/53 58/53/46
f 217/187/157 59/61/51 60/64/53
f 18/65/54 385/63/52 355/49/43
f 57/54/47 15/66/55 16/58/49
f 81/74/61 75/188/155 42/189/109
f 82/80/67 224/190/107 75/188/155
f 370/191/158 81/74/61 42/189/109
f 83/5/5 339/3/3 2/2/2
f 228/6/6 2/2/2 200/10/8
f 49/126/111 89/132/117 79/184/154
f 212/46/40 88/166/140 14/41/36
f 14/41/36 87/164/138 52/154/130
f 52/154/130 86/160/135 53/156/132
f 48/192/121 86/160/135 54/163/137
f 389/139/124 49/126/111 374/193/159
f 79/184/154 85/134/119 48/136/121
f 91/194/160 595/195/161 592/196/162
f 90/197/163 594/198/164 597/199/165
f 94/200/166 593/201/167 594/198/164
f 96/202/168 592/196/162 600/203/169
f 95/204/170 597/199/165 595/205/161
f 92/206/171 598/169/142 593/201/167
f 91/207/160 90/197/163 95/204/170
f 90/197/163 102/208/172 94/200/166
f 94/200/166 101/209/173 92/206/171
f 92/206/171 100/210/174 93/211/175
f 99/212/176 238/213/177 100/210/174
f 230/214/178 100/210/174 238/213/177
f 239/215/6 99/212/176 98/216/179
f 240/217/180 98/216/179 97/218/181
f 96/202/168 97/219/181 91/194/160
f 526/220/182 104/221/183 103/222/184
f 185/223/185 209/4/4 228/6/6
f 103/222/184 202/8/6 106/224/186
f 103/222/184 200/10/8 199/9/8
f 106/224/186 201/12/10 107/225/187
f 526/220/182 106/224/186 528/226/188
f 528/226/188 107/225/187 525/227/189
f 201/12/10 108/228/190 107/225/187
f 107/225/187 529/229/191 525/227/189
f 113/230/192 533/231/193 534/232/194
f 108/228/190 530/233/195 529/229/191
f 112/234/196 208/23/21 207/235/197
f 530/233/195 110/236/198 531/237/199
f 203/26/24 109/238/200 108/228/190
f 110/236/198 532/239/201 531/237/199
f 532/239/201 113/230/192 534/232/194
f 204/30/6 110/236/198 109/238/200
f 111/240/202 205/31/6 206/32/28
f 111/240/202 208/23/21 113/230/192
f 114/241/203 210/33/29 209/4/4
f 576/242/204 114/241/203 185/223/185
f 105/243/205 211/36/32 210/38/29
f 114/241/203 536/244/206 105/245/205
f 542/246/207 116/247/208 119/248/209
f 105/243/205 537/249/210 115/250/211
f 119/248/209 212/46/40 215/47/41
f 121/251/212 543/252/213 120/253/214
f 537/249/210 119/248/209 115/250/211
f 159/254/215 213/186/156 214/52/6
f 145/255/216 545/256/217 559/257/204
f 541/258/218 118/259/216 539/260/204
f 115/250/211 215/47/41 211/36/32
f 578/62/52 161/261/219 573/262/220
f 162/263/221 120/253/214 161/261/219
f 160/264/222 121/251/212 162/263/221
f 117/265/223 544/266/224 121/251/212
f 163/267/225 219/68/57 164/268/226
f 225/70/6 163/267/225 178/269/215
f 575/270/227 124/271/228 546/272/229
f 545/256/217 123/273/230 540/274/231
f 553/275/232 126/276/233 547/277/234
f 184/278/235 220/81/68 165/279/236
f 172/280/237 125/281/238 166/282/239
f 129/283/240 169/284/241 168/285/242
f 549/286/243 132/287/244 550/288/245
f 132/287/244 551/289/246 550/288/245
f 131/290/247 170/291/248 169/284/241
f 551/289/246 135/292/249 552/293/250
f 165/279/236 137/294/251 172/280/237
f 546/272/229 136/295/252 553/275/232
f 173/296/253 223/101/88 174/297/254
f 552/293/250 138/298/255 554/299/256
f 221/106/92 173/300/253 171/301/257
f 133/302/258 171/301/257 170/291/248
f 554/303/256 139/304/259 555/305/182
f 180/306/260 146/307/261 179/308/262
f 556/309/263 143/310/264 557/311/265
f 175/312/266 142/313/267 176/314/268
f 164/268/226 224/122/107 177/315/269
f 540/274/231 144/316/270 558/317/271
f 214/52/6 178/269/215 159/254/215
f 118/259/216 559/257/204 539/260/204
f 560/318/272 151/319/273 562/320/274
f 561/321/275 147/322/276 560/318/272
f 557/311/265 149/323/277 561/321/275
f 176/314/268 148/324/278 180/306/260
f 191/325/279 153/326/280 182/327/281
f 179/308/262 150/328/282 181/329/283
f 186/330/284 564/331/285 577/332/286
f 574/333/125 152/334/287 182/327/281
f 133/335/258 567/336/288 566/337/289
f 137/338/251 580/146/125 565/339/290
f 133/335/258 579/148/52 221/149/92
f 125/340/238 565/339/290 572/341/291
f 131/342/247 568/343/292 567/336/288
f 538/344/293 154/345/294 116/247/208
f 570/346/295 155/347/296 154/345/294
f 153/348/280 571/349/297 563/350/298
f 188/351/299 153/348/280 187/352/300
f 188/351/299 157/353/301 189/354/302
f 189/354/302 158/355/303 190/356/304
f 190/356/304 226/167/141 229/357/305
f 606/358/306 223/168/88 596/170/125
f 174/297/254 140/359/307 175/312/266
f 139/304/259 556/309/263 555/305/182
f 547/277/234 128/360/308 548/361/309
f 166/282/239 127/362/310 167/363/311
f 127/364/310 572/341/291 569/365/312
f 129/366/240 569/365/312 568/343/292
f 127/362/310 168/285/242 167/363/311
f 128/360/308 549/286/243 548/361/309
f 167/363/311 130/367/313 128/360/308
f 126/276/233 167/363/311 128/360/308
f 139/304/259 175/312/266 141/368/314
f 563/369/298 182/327/281 153/326/280
f 147/322/276 181/329/283 151/319/273
f 186/330/284 182/327/281 152/334/287
f 143/310/264 180/306/260 149/323/277
f 159/254/215 145/255/216 118/259/216
f 123/273/230 177/315/269 144/316/270
f 141/368/314 176/314/268 143/310/264
f 149/323/277 179/308/262 147/322/276
f 170/291/248 135/292/249 134/370/315
f 171/301/257 138/298/255 135/292/249
f 138/371/255 174/297/254 139/304/259
f 124/271/228 172/280/237 136/295/252
f 169/284/241 134/370/315 132/287/244
f 130/367/313 169/284/241 132/287/244
f 136/295/252 166/282/239 126/276/233
f 183/372/316 165/279/236 124/271/228
f 178/269/215 122/373/317 145/255/216
f 122/373/317 164/268/226 123/273/230
f 213/186/156 162/263/221 217/187/157
f 217/187/157 161/261/219 216/374/318
f 117/265/223 159/254/215 118/259/216
f 177/375/269 183/372/316 144/376/270
f 224/190/107 184/278/235 177/375/269
f 558/377/271 183/372/316 575/270/227
f 527/378/319 185/223/185 104/221/183
f 104/221/183 228/6/6 200/10/8
f 151/319/273 191/325/279 186/330/284
f 190/356/304 212/46/40 116/247/208
f 189/354/302 116/247/208 154/345/294
f 188/351/299 154/345/294 155/347/296
f 150/379/282 188/351/299 187/352/300
f 151/319/273 577/332/286 562/320/274
f 181/329/283 187/380/300 191/325/279
f 604/381/320 193/382/321 601/383/322
f 617/384/323 524/385/324 609/386/325
f 603/387/326 192/388/327 605/389/328
f 602/390/329 196/391/330 603/387/326
f 601/383/322 198/392/331 608/393/332
f 605/389/328 197/394/333 604/395/320
f 524/385/324 625/396/334 609/386/325
f 606/358/306 194/397/335 602/390/329
f 193/398/321 192/388/327 231/399/336
f 236/400/337 192/388/327 196/391/330
f 235/401/338 196/391/330 194/397/335
f 234/402/339 194/397/335 195/403/340
f 233/404/341 238/213/177 237/405/6
f 230/214/178 234/402/339 195/403/340
f 233/404/341 239/215/6 232/406/342
f 232/406/342 240/217/180 231/407/336
f 198/392/331 231/408/336 240/409/180
f 338/410/1 242/411/343 241/412/344
f 323/413/345 502/414/346 521/415/347
f 241/412/344 495/416/347 244/417/348
f 241/412/344 493/418/349 492/419/349
f 244/417/348 494/420/350 245/421/351
f 338/410/1 244/417/348 340/422/11
f 340/422/11 245/421/351 337/423/15
f 494/420/350 246/424/352 245/421/351
f 245/421/351 341/425/14 337/423/15
f 251/426/353 345/18/16 346/427/18
f 246/424/352 342/428/19 341/425/14
f 250/429/354 501/430/355 500/431/356
f 342/428/19 248/432/357 343/433/26
f 496/434/358 247/435/359 246/424/352
f 248/432/357 344/436/25 343/433/26
f 344/436/25 251/426/353 346/427/18
f 497/437/347 248/432/357 247/435/359
f 249/438/360 498/439/347 499/440/361
f 249/438/360 501/430/355 251/426/353
f 252/441/362 503/442/363 502/414/346
f 388/443/31 252/441/362 323/413/345
f 243/444/364 504/445/365 503/446/363
f 252/441/362 348/447/34 243/448/364
f 354/449/37 254/450/366 257/451/367
f 243/444/364 349/452/39 253/453/368
f 257/451/367 505/454/369 508/455/370
f 259/456/371 355/49/43 258/457/372
f 349/452/39 257/451/367 253/453/368
f 297/458/373 506/459/374 507/460/347
f 283/461/375 357/462/48 371/463/31
f 353/464/50 256/465/375 351/466/31
f 253/453/368 508/455/370 504/445/365
f 578/62/52 299/467/376 385/63/52
f 300/468/377 258/457/372 299/467/376
f 298/469/378 259/456/371 300/468/377
f 255/470/379 356/471/44 259/456/371
f 301/472/380 512/473/381 302/474/382
f 518/475/347 301/472/380 316/476/373
f 387/477/59 262/478/383 358/479/86
f 357/462/48 261/480/384 352/481/108
f 365/482/64 264/483/385 359/484/144
f 322/485/386 513/486/387 303/487/388
f 310/488/389 263/489/390 304/490/391
f 267/491/392 307/492/393 306/493/394
f 361/494/76 270/495/395 362/496/80
f 270/495/395 363/497/79 362/496/80
f 269/498/396 308/499/397 307/492/393
f 363/497/79 273/500/398 364/501/90
f 303/487/388 275/502/399 310/488/389
f 358/479/86 274/503/400 365/482/64
f 311/504/401 516/505/402 312/506/403
f 364/501/90 276/507/404 366/508/95
f 514/509/405 311/510/401 309/511/406
f 271/512/407 309/511/406 308/499/397
f 366/513/95 277/514/408 367/515/1
f 318/516/409 284/517/410 317/518/411
f 368/519/100 281/520/412 369/521/115
f 313/522/413 280/523/414 314/524/415
f 302/474/382 517/525/416 315/526/417
f 352/481/108 282/527/418 370/528/158
f 507/460/347 316/476/373 297/458/373
f 256/465/375 371/463/31 351/466/31
f 372/529/110 289/530/419 374/531/159
f 373/532/113 285/533/420 372/529/110
f 369/521/115 287/534/421 373/532/113
f 314/524/415 286/535/422 318/516/409
f 329/536/423 291/537/424 320/538/425
f 317/518/411 288/539/426 319/540/427
f 324/541/428 376/542/122 389/543/124
f 386/544/125 290/545/429 320/538/425
f 271/546/407 379/143/127 378/547/430
f 275/548/399 580/146/125 377/151/128
f 271/546/407 579/148/52 514/549/405
f 263/550/390 377/151/128 384/177/148
f 269/551/396 380/152/129 379/143/127
f 350/552/131 292/553/431 254/450/366
f 382/554/133 293/555/432 292/553/431
f 291/556/424 383/557/134 375/558/152
f 326/559/433 291/556/424 325/560/434
f 326/559/433 295/561/435 327/562/436
f 327/562/436 296/563/437 328/564/438
f 328/564/438 519/565/439 522/566/440
f 616/567/142 516/568/402 614/569/125
f 312/506/403 278/570/441 313/522/413
f 277/514/408 368/519/100 367/515/1
f 359/484/144 266/571/442 360/572/151
f 304/490/391 265/573/443 305/574/444
f 265/575/443 384/177/148 381/179/149
f 267/576/392 381/179/149 380/152/129
f 265/573/443 306/493/394 305/574/444
f 266/571/442 361/494/76 360/572/151
f 305/574/444 268/577/445 266/571/442
f 264/483/385 305/574/444 266/571/442
f 277/514/408 313/522/413 279/578/446
f 375/579/152 320/538/425 291/537/424
f 285/533/420 319/540/427 289/530/419
f 324/541/428 320/538/425 290/545/429
f 281/520/412 318/516/409 287/534/421
f 297/458/373 283/461/375 256/465/375
f 261/480/384 315/526/417 282/527/418
f 279/578/446 314/524/415 281/520/412
f 287/534/421 317/518/411 285/533/420
f 308/499/397 273/500/398 272/580/447
f 309/511/406 276/507/404 273/500/398
f 276/581/404 312/506/403 277/514/408
f 262/478/383 310/488/389 274/503/400
f 307/492/393 272/580/447 270/495/395
f 268/577/445 307/492/393 270/495/395
f 274/503/400 304/490/391 264/483/385
f 321/582/448 303/487/388 262/478/383
f 316/476/373 260/583/449 283/461/375
f 260/583/449 302/474/382 261/480/384
f 506/459/374 300/468/377 510/584/450
f 510/584/450 299/467/376 509/585/451
f 385/63/52 258/457/372 355/49/43
f 255/470/379 297/458/373 256/465/375
f 315/586/417 321/582/448 282/587/418
f 517/588/416 322/485/386 315/586/417
f 370/589/158 321/582/448 387/477/59
f 339/590/3 323/413/345 242/411/343
f 242/411/343 521/415/347 493/418/349
f 289/530/419 329/536/423 324/541/428
f 328/564/438 505/454/369 254/450/366
f 327/562/436 254/450/366 292/553/431
f 326/559/433 292/553/431 293/555/432
f 288/591/426 326/559/433 325/560/434
f 289/530/419 389/543/124 374/531/159
f 319/540/427 325/592/434 329/536/423
f 613/593/161 331/594/452 610/595/162
f 524/385/324 491/596/453 626/597/454
f 612/598/164 330/599/455 615/600/165
f 611/601/167 334/602/456 612/598/164
f 610/595/162 336/603/457 618/604/458
f 615/600/165 335/605/459 613/606/161
f 336/603/457 524/385/324 618/604/458
f 616/567/142 332/607/460 611/601/167
f 331/608/452 330/599/455 390/609/461
f 395/610/462 330/599/455 334/602/456
f 394/611/463 334/602/456 332/607/460
f 393/612/464 332/607/460 333/613/465
f 392/614/466 588/615/467 587/616/347
f 523/617/468 393/612/464 333/613/465
f 392/614/466 589/618/347 391/619/469
f 391/619/469 590/620/470 390/621/461
f 336/603/457 390/622/461 590/623/470
f 627/624/471 96/202/168 600/203/169
f 526/220/182 397/625/472 527/378/319
f 502/414/346 478/626/473 521/415/347
f 396/627/474 495/416/347 492/419/349
f 396/627/474 493/418/349 397/625/472
f 399/628/475 494/420/350 495/416/347
f 526/220/182 399/628/475 396/627/474
f 528/226/188 400/629/476 399/628/475
f 401/630/477 494/420/350 400/629/476
f 529/229/191 400/629/476 525/227/189
f 533/231/193 406/631/478 534/232/194
f 530/233/195 401/630/477 529/229/191
f 405/632/479 501/430/355 406/631/478
f 530/233/195 403/633/480 402/634/481
f 402/634/481 496/434/358 401/630/477
f 532/239/201 403/633/480 531/237/199
f 532/239/201 406/631/478 404/635/482
f 497/437/347 403/633/480 498/439/347
f 404/635/482 498/439/347 403/633/480
f 404/635/482 501/430/355 499/440/361
f 503/442/363 407/636/483 502/414/346
f 407/636/483 576/242/204 478/626/473
f 504/445/365 398/637/484 503/446/363
f 407/636/483 536/244/206 535/638/485
f 409/639/486 542/246/207 412/640/487
f 398/637/484 537/249/210 536/641/206
f 505/454/369 412/640/487 508/455/370
f 414/642/488 543/252/213 544/266/224
f 412/640/487 537/249/210 408/643/489
f 507/460/347 453/644/490 452/645/491
f 545/256/217 438/646/492 559/257/204
f 411/647/492 541/258/218 539/260/204
f 508/455/370 408/643/489 504/445/365
f 454/648/493 578/62/52 573/262/220
f 455/649/494 413/650/495 414/642/488
f 453/644/490 414/642/488 410/651/496
f 410/651/496 544/266/224 541/258/218
f 456/652/497 512/473/381 511/653/498
f 456/652/497 518/475/347 471/654/491
f 575/270/227 417/655/499 476/656/500
f 545/256/217 416/657/501 415/658/502
f 553/275/232 419/659/503 429/660/504
f 477/661/505 513/486/387 520/662/506
f 465/663/507 418/664/508 430/665/509
f 462/666/510 422/667/511 461/668/512
f 549/286/243 425/669/513 423/670/514
f 551/289/246 425/669/513 550/288/245
f 463/671/515 424/672/516 462/666/510
f 551/289/246 428/673/517 427/674/518
f 458/675/519 430/665/509 513/486/387
f 546/272/229 429/660/504 417/655/499
f 466/676/520 516/505/402 515/677/521
f 552/293/250 431/678/522 428/673/517
f 466/679/520 514/509/405 464/680/523
f 464/680/523 426/681/524 463/671/515
f 554/303/256 432/682/525 431/683/522
f 473/684/526 439/685/527 441/686/528
f 556/309/263 436/687/529 434/688/530
f 468/689/531 435/690/532 433/691/533
f 457/692/534 517/525/416 512/473/381
f 540/274/231 437/693/535 416/657/501
f 471/654/491 507/460/347 452/645/491
f 559/257/204 411/647/492 539/260/204
f 560/318/272 444/694/536 440/695/537
f 561/321/275 440/695/537 442/696/538
f 557/311/265 442/696/538 436/687/529
f 469/697/539 441/686/528 435/690/532
f 484/698/540 446/699/541 480/700/542
f 472/701/543 443/702/544 439/685/527
f 564/331/285 479/703/545 577/332/286
f 574/333/125 445/704/546 564/331/285
f 426/705/524 567/336/288 424/706/516
f 430/707/509 580/146/125 513/708/387
f 579/148/52 426/705/524 514/549/405
f 418/709/508 565/339/290 430/707/509
f 424/706/516 568/343/292 422/710/511
f 447/711/547 538/344/293 409/639/486
f 448/712/548 570/346/295 447/711/547
f 446/713/541 571/349/297 448/712/548
f 446/713/541 481/714/549 480/715/542
f 481/714/549 450/716/550 449/717/551
f 482/718/552 451/719/553 450/716/550
f 483/720/554 519/565/439 451/719/553
f 516/568/402 624/721/306 614/569/125
f 467/722/555 433/691/533 516/505/402
f 556/309/263 432/682/525 555/305/182
f 547/277/234 421/723/556 419/659/503
f 459/724/557 420/725/558 418/664/508
f 572/341/291 420/726/558 569/365/312
f 569/365/312 422/710/511 568/343/292
f 461/668/512 420/725/558 460/727/559
f 549/286/243 421/723/556 548/361/309
f 423/670/514 460/727/559 421/723/556
f 419/659/503 460/727/559 459/724/557
f 432/682/525 468/689/531 467/722/555
f 563/369/298 475/728/560 574/333/125
f 440/695/537 474/729/561 472/701/543
f 479/703/545 475/728/560 484/698/540
f 436/687/529 473/684/526 469/697/539
f 438/646/492 452/645/491 411/647/492
f 416/657/501 470/730/562 457/692/534
f 434/688/530 469/697/539 468/689/531
f 442/696/538 472/701/543 473/684/526
f 428/673/517 463/671/515 427/674/518
f 431/678/522 464/680/523 428/673/517
f 431/683/522 467/722/555 466/676/520
f 417/655/499 465/663/507 458/675/519
f 427/674/518 462/666/510 425/669/513
f 423/670/514 462/666/510 461/668/512
f 429/660/504 459/724/557 465/663/507
f 476/656/500 458/675/519 477/661/505
f 415/658/502 471/654/491 438/646/492
f 415/658/502 457/692/534 456/652/497
f 506/459/374 455/649/494 453/644/490
f 510/584/450 454/648/493 455/649/494
f 413/650/495 573/262/220 543/252/213
f 452/645/491 410/651/496 411/647/492
f 476/656/500 470/731/562 437/732/535
f 477/661/505 517/588/416 470/731/562
f 558/377/271 476/656/500 437/732/535
f 478/626/473 527/378/319 397/625/472
f 521/415/347 397/625/472 493/418/349
f 444/694/536 484/698/540 474/729/561
f 505/454/369 483/720/554 409/639/486
f 409/639/486 482/718/552 447/711/547
f 447/711/547 481/714/549 448/712/548
f 443/733/544 481/714/549 449/717/551
f 577/332/286 444/694/536 562/320/274
f 474/729/561 480/700/542 443/702/544
f 486/734/563 622/735/320 619/736/322
f 599/737/564 627/624/471 600/203/169
f 485/738/565 621/739/326 623/740/328
f 489/741/566 620/742/329 621/739/326
f 491/596/453 619/736/322 626/597/454
f 490/743/567 623/740/328 622/744/320
f 627/624/471 607/745/568 608/393/332
f 487/746/569 624/721/306 620/742/329
f 486/747/563 485/738/565 490/743/567
f 485/738/565 586/748/570 489/741/566
f 489/741/566 585/749/571 487/746/569
f 487/746/569 584/750/572 488/751/573
f 583/752/574 588/615/467 584/750/572
f 523/617/468 584/750/572 588/615/467
f 589/618/347 583/752/574 582/753/575
f 590/620/470 582/753/575 581/754/576
f 491/596/453 581/755/576 486/734/563
f 627/624/471 198/392/331 240/409/180
f 584/750/572 235/756/338 234/757/339
f 585/749/571 236/758/337 235/756/338
f 586/748/570 231/759/336 236/758/337
f 581/754/576 232/760/342 231/761/336
f 582/753/575 233/762/341 232/760/342
f 583/752/574 234/757/339 233/762/341
f 100/763/174 392/614/466 99/764/176
f 98/765/179 392/614/466 391/619/469
f 98/765/179 390/621/461 97/766/181
f 97/767/181 395/610/462 102/768/172
f 102/768/172 394/611/463 101/769/173
f 101/769/173 393/612/464 100/763/174
f 140/770/307 602/390/329 142/771/267
f 158/355/303 608/393/332 607/745/568
f 146/772/261 604/395/320 150/773/282
f 156/774/577 608/393/332 157/353/301
f 142/771/267 603/387/326 148/775/278
f 148/775/278 605/389/328 146/772/261
f 226/167/141 607/745/568 591/776/578
f 150/379/282 601/383/322 156/774/577
f 195/403/340 596/170/125 230/214/178
f 593/201/167 38/777/105 40/778/104
f 56/165/139 600/203/169 55/162/136
f 595/205/161 44/779/98 48/780/121
f 600/203/169 54/163/137 55/162/136
f 594/198/164 40/778/104 46/781/99
f 597/199/165 46/781/99 44/779/98
f 226/167/141 599/737/564 56/165/139
f 592/196/162 48/192/121 54/163/137
f 596/170/125 93/211/175 230/214/178
f 620/742/329 433/782/533 435/783/532
f 451/719/553 626/597/454 450/716/550
f 622/744/320 439/784/527 443/785/544
f 626/597/454 449/717/551 450/716/550
f 621/739/326 435/783/532 441/786/528
f 623/740/328 441/786/528 439/784/527
f 519/565/439 625/396/334 451/719/553
f 619/736/322 443/733/544 449/717/551
f 614/569/125 488/751/573 523/617/468
f 278/787/441 611/601/167 280/788/414
f 296/563/437 618/604/458 617/384/323
f 284/789/410 613/606/161 288/790/426
f 294/791/579 618/604/458 295/561/435
f 280/788/414 612/598/164 286/792/422
f 286/792/422 615/600/165 284/789/410
f 519/565/439 617/384/323 609/386/325
f 288/591/426 610/595/162 294/791/579
f 333/613/465 614/569/125 523/617/468
f 573/262/220 120/253/214 543/252/213
f 405/632/479 628/793/125 500/431/356
f 628/793/125 112/234/196 207/235/197
f 628/793/125 250/429/354 500/431/356
f 10/22/20 628/793/125 207/235/197
f 338/1/1 1/7/7 2/2/2
f 209/4/4 12/34/30 83/5/5
f 1/7/7 4/11/9 202/8/6
f 1/7/7 199/9/8 200/10/8
f 4/11/9 5/14/12 201/12/10
f 338/1/1 340/13/11 4/11/9
f 340/13/11 337/17/15 5/14/12
f 6/15/13 203/26/24 201/12/10
f 341/16/14 6/15/13 5/14/12
f 345/18/16 10/22/20 11/19/17
f 342/21/19 7/25/23 6/15/13
f 10/22/20 207/235/197 208/23/21
f 342/21/19 343/28/26 8/24/22
f 7/25/23 204/30/6 203/26/24
f 344/27/25 9/29/27 8/24/22
f 344/27/25 346/20/18 11/19/17
f 204/30/6 7/25/23 8/24/22
f 9/29/27 206/32/28 205/31/6
f 9/29/27 11/19/17 208/23/21
f 210/33/29 3/794/33 12/34/30
f 12/34/30 347/40/35 388/35/31
f 211/36/32 13/51/45 3/37/33
f 12/34/30 3/794/33 348/39/34
f 14/41/36 350/155/131 354/42/37
f 3/37/33 13/51/45 349/44/39
f 212/46/40 14/41/36 17/43/38
f 19/48/42 18/65/54 355/49/43
f 17/43/38 354/42/37 349/44/39
f 214/52/6 213/186/156 58/53/46
f 357/55/48 20/76/63 43/56/49
f 16/58/49 15/66/55 353/59/50
f 215/47/41 17/43/38 13/51/45
f 59/61/51 216/374/318 578/62/52
f 60/64/53 59/61/51 18/65/54
f 58/53/46 60/64/53 19/48/42
f 15/66/55 19/48/42 356/50/44
f 61/67/56 62/121/106 219/68/57
f 61/67/56 218/69/58 225/70/6
f 387/72/59 358/99/86 22/73/60
f 357/55/48 352/123/108 21/75/62
f 365/77/64 359/173/144 24/78/65
f 82/80/67 63/98/85 220/81/68
f 70/83/70 64/175/146 23/84/71
f 67/86/73 29/95/82 27/87/74
f 361/89/76 362/93/80 30/90/77
f 363/92/79 32/97/84 30/90/77
f 68/94/81 31/108/94 29/95/82
f 363/92/79 364/103/90 33/96/83
f 63/98/85 70/83/70 35/85/72
f 358/99/86 365/77/64 34/79/66
f 71/100/87 72/171/143 223/101/88
f 364/103/90 366/795/95 36/104/91
f 71/105/87 222/796/89 221/106/92
f 69/107/93 221/106/92 31/108/94
f 366/109/95 367/172/1 37/110/96
f 78/112/97 77/135/120 44/113/98
f 368/115/100 369/130/115 41/116/101
f 73/118/103 74/131/116 40/119/104
f 62/121/106 75/185/155 224/122/107
f 352/123/108 370/797/158 42/124/109
f 76/71/47 225/70/6 214/52/6
f 371/57/31 43/56/49 16/58/49
f 372/125/110 374/193/159 49/126/111
f 373/128/113 372/125/110 45/127/112
f 369/130/115 373/128/113 47/129/114
f 74/131/116 78/112/97 46/114/99
f 89/132/117 80/183/153 51/133/118
f 77/135/120 79/184/154 48/136/121
f 376/137/122 50/141/126 84/138/123
f 386/140/125 80/183/153 50/141/126
f 31/142/94 378/547/430 379/143/127
f 35/145/72 377/151/128 580/146/125
f 579/148/52 378/547/430 31/142/94
f 23/150/71 384/177/148 377/151/128
f 29/144/82 379/143/127 380/152/129
f 52/154/130 382/157/133 350/155/131
f 53/156/132 383/159/134 382/157/133
f 51/158/118 375/798/152 383/159/134
f 51/158/118 53/156/132 86/160/135
f 86/160/135 87/164/138 55/162/136
f 87/164/138 88/166/140 56/165/139
f 88/166/140 229/357/305 226/167/141
f 223/168/88 38/777/105 598/169/142
f 72/171/143 73/118/103 38/120/105
f 368/115/100 39/117/102 37/110/96
f 359/173/144 360/181/151 26/174/145
f 64/175/146 65/180/150 25/176/147
f 384/177/148 23/150/71 25/178/147
f 381/179/149 25/178/147 27/153/74
f 66/88/75 27/87/74 25/176/147
f 361/89/76 28/91/78 26/174/145
f 28/91/78 66/88/75 65/180/150
f 24/78/65 26/174/145 65/180/150
f 37/110/96 39/117/102 73/118/103
f 375/182/152 51/133/118 80/183/153
f 45/127/112 49/126/111 79/184/154
f 84/138/123 50/141/126 80/183/153
f 41/116/101 47/129/114 78/112/97
f 43/56/49 76/71/47 57/54/47
f 21/75/62 42/124/109 75/185/155
f 39/117/102 41/116/101 74/131/116
f 47/129/114 45/127/112 77/135/120
f 33/96/83 69/107/93 68/94/81
f 36/104/91 71/105/87 69/107/93
f 36/111/91 37/110/96 72/171/143
f 22/73/60 34/79/66 70/83/70
f 32/97/84 68/94/81 67/86/73
f 28/91/78 30/90/77 67/86/73
f 34/79/66 24/78/65 64/175/146
f 81/74/61 22/73/60 63/98/85
f 20/76/63 61/67/56 76/71/47
f 20/76/63 21/75/62 62/121/106
f 213/186/156 217/187/157 60/64/53
f 217/187/157 216/374/318 59/61/51
f 18/65/54 59/61/51 385/63/52
f 57/54/47 58/53/46 15/66/55
f 81/74/61 82/80/67 75/188/155
f 82/80/67 227/82/69 224/190/107
f 370/191/158 387/72/59 81/74/61
f 83/5/5 388/35/31 339/3/3
f 228/6/6 83/5/5 2/2/2
f 49/126/111 84/138/123 89/132/117
f 212/46/40 229/357/305 88/166/140
f 14/41/36 88/166/140 87/164/138
f 52/154/130 87/164/138 86/160/135
f 48/192/121 85/161/119 86/160/135
f 389/139/124 84/138/123 49/126/111
f 79/184/154 89/132/117 85/134/119
f 91/194/160 95/799/170 595/195/161
f 90/197/163 94/200/166 594/198/164
f 94/200/166 92/206/171 593/201/167
f 96/202/168 91/194/160 592/196/162
f 95/204/170 90/197/163 597/199/165
f 92/206/171 93/211/175 598/169/142
f 91/207/160 97/800/181 90/197/163
f 90/197/163 97/800/181 102/208/172
f 94/200/166 102/208/172 101/209/173
f 92/206/171 101/209/173 100/210/174
f 99/212/176 237/405/6 238/213/177
f 230/214/178 93/211/175 100/210/174
f 239/215/6 237/405/6 99/212/176
f 240/217/180 239/215/6 98/216/179
f 96/202/168 240/409/180 97/219/181
f 526/220/182 527/378/319 104/221/183
f 185/223/185 114/241/203 209/4/4
f 103/222/184 199/9/8 202/8/6
f 103/222/184 104/221/183 200/10/8
f 106/224/186 202/8/6 201/12/10
f 526/220/182 103/222/184 106/224/186
f 528/226/188 106/224/186 107/225/187
f 201/12/10 203/26/24 108/228/190
f 107/225/187 108/228/190 529/229/191
f 113/230/192 112/234/196 533/231/193
f 108/228/190 109/238/200 530/233/195
f 112/234/196 113/230/192 208/23/21
f 530/233/195 109/238/200 110/236/198
f 203/26/24 204/30/6 109/238/200
f 110/236/198 111/240/202 532/239/201
f 532/239/201 111/240/202 113/230/192
f 204/30/6 205/31/6 110/236/198
f 111/240/202 110/236/198 205/31/6
f 111/240/202 206/32/28 208/23/21
f 114/241/203 105/245/205 210/33/29
f 576/242/204 535/638/485 114/241/203
f 105/243/205 115/250/211 211/36/32
f 114/241/203 535/638/485 536/244/206
f 542/246/207 538/344/293 116/247/208
f 105/243/205 536/641/206 537/249/210
f 119/248/209 116/247/208 212/46/40
f 121/251/212 544/266/224 543/252/213
f 537/249/210 542/246/207 119/248/209
f 159/254/215 160/264/222 213/186/156
f 145/255/216 122/373/317 545/256/217
f 541/258/218 117/265/223 118/259/216
f 115/250/211 119/248/209 215/47/41
f 578/62/52 216/374/318 161/261/219
f 162/263/221 121/251/212 120/253/214
f 160/264/222 117/265/223 121/251/212
f 117/265/223 541/258/218 544/266/224
f 163/267/225 218/69/58 219/68/57
f 225/70/6 218/69/58 163/267/225
f 575/270/227 183/372/316 124/271/228
f 545/256/217 122/373/317 123/273/230
f 553/275/232 136/295/252 126/276/233
f 184/278/235 227/82/69 220/81/68
f 172/280/237 137/294/251 125/281/238
f 129/283/240 131/290/247 169/284/241
f 549/286/243 130/367/313 132/287/244
f 132/287/244 134/370/315 551/289/246
f 131/290/247 133/302/258 170/291/248
f 551/289/246 134/370/315 135/292/249
f 165/279/236 220/81/68 137/294/251
f 546/272/229 124/271/228 136/295/252
f 173/296/253 222/102/89 223/101/88
f 552/293/250 135/292/249 138/298/255
f 221/106/92 222/796/89 173/300/253
f 133/302/258 221/106/92 171/301/257
f 554/303/256 138/371/255 139/304/259
f 180/306/260 148/324/278 146/307/261
f 556/309/263 141/368/314 143/310/264
f 175/312/266 140/359/307 142/313/267
f 164/268/226 219/68/57 224/122/107
f 540/274/231 123/273/230 144/316/270
f 214/52/6 225/70/6 178/269/215
f 118/259/216 145/255/216 559/257/204
f 560/318/272 147/322/276 151/319/273
f 561/321/275 149/323/277 147/322/276
f 557/311/265 143/310/264 149/323/277
f 176/314/268 142/313/267 148/324/278
f 191/325/279 187/380/300 153/326/280
f 179/308/262 146/307/261 150/328/282
f 186/330/284 152/334/287 564/331/285
f 574/333/125 564/331/285 152/334/287
f 133/335/258 131/342/247 567/336/288
f 137/338/251 220/147/68 580/146/125
f 133/335/258 566/337/289 579/148/52
f 125/340/238 137/338/251 565/339/290
f 131/342/247 129/366/240 568/343/292
f 538/344/293 570/346/295 154/345/294
f 570/346/295 571/349/297 155/347/296
f 153/348/280 155/347/296 571/349/297
f 188/351/299 155/347/296 153/348/280
f 188/351/299 156/774/577 157/353/301
f 189/354/302 157/353/301 158/355/303
f 190/356/304 158/355/303 226/167/141
f 606/358/306 140/770/307 223/168/88
f 174/297/254 223/101/88 140/359/307
f 139/304/259 141/368/314 556/309/263
f 547/277/234 126/276/233 128/360/308
f 166/282/239 125/281/238 127/362/310
f 127/364/310 125/340/238 572/341/291
f 129/366/240 127/364/310 569/365/312
f 127/362/310 129/283/240 168/285/242
f 128/360/308 130/367/313 549/286/243
f 167/363/311 168/285/242 130/367/313
f 126/276/233 166/282/239 167/363/311
f 139/304/259 174/297/254 175/312/266
f 563/369/298 574/333/125 182/327/281
f 147/322/276 179/308/262 181/329/283
f 186/330/284 191/325/279 182/327/281
f 143/310/264 176/314/268 180/306/260
f 159/254/215 178/269/215 145/255/216
f 123/273/230 164/268/226 177/315/269
f 141/368/314 175/312/266 176/314/268
f 149/323/277 180/306/260 179/308/262
f 170/291/248 171/301/257 135/292/249
f 171/301/257 173/300/253 138/298/255
f 138/371/255 173/296/253 174/297/254
f 124/271/228 165/279/236 172/280/237
f 169/284/241 170/291/248 134/370/315
f 130/367/313 168/285/242 169/284/241
f 136/295/252 172/280/237 166/282/239
f 183/372/316 184/278/235 165/279/236
f 178/269/215 163/267/225 122/373/317
f 122/373/317 163/267/225 164/268/226
f 213/186/156 160/264/222 162/263/221
f 217/187/157 162/263/221 161/261/219
f 117/265/223 160/264/222 159/254/215
f 177/375/269 184/278/235 183/372/316
f 224/190/107 227/82/69 184/278/235
f 558/377/271 144/376/270 183/372/316
f 527/378/319 576/242/204 185/223/185
f 104/221/183 185/223/185 228/6/6
f 151/319/273 181/329/283 191/325/279
f 190/356/304 229/357/305 212/46/40
f 189/354/302 190/356/304 116/247/208
f 188/351/299 189/354/302 154/345/294
f 150/379/282 156/774/577 188/351/299
f 151/319/273 186/330/284 577/332/286
f 181/329/283 150/328/282 187/380/300
f 604/381/320 197/801/333 193/382/321
f 617/384/323 618/604/458 524/385/324
f 603/387/326 196/391/330 192/388/327
f 602/390/329 194/397/335 196/391/330
f 601/383/322 193/382/321 198/392/331
f 605/389/328 192/388/327 197/394/333
f 524/385/324 626/597/454 625/396/334
f 606/358/306 195/403/340 194/397/335
f 193/398/321 197/394/333 192/388/327
f 236/400/337 231/399/336 192/388/327
f 235/401/338 236/400/337 196/391/330
f 234/402/339 235/401/338 194/397/335
f 233/404/341 234/402/339 238/213/177
f 230/214/178 238/213/177 234/402/339
f 233/404/341 237/405/6 239/215/6
f 232/406/342 239/215/6 240/217/180
f 198/392/331 193/382/321 231/408/336
f 338/410/1 339/590/3 242/411/343
f 323/413/345 252/441/362 502/414/346
f 241/412/344 492/419/349 495/416/347
f 241/412/344 242/411/343 493/418/349
f 244/417/348 495/416/347 494/420/350
f 338/410/1 241/412/344 244/417/348
f 340/422/11 244/417/348 245/421/351
f 494/420/350 496/434/358 246/424/352
f 245/421/351 246/424/352 341/425/14
f 251/426/353 250/429/354 345/18/16
f 246/424/352 247/435/359 342/428/19
f 250/429/354 251/426/353 501/430/355
f 342/428/19 247/435/359 248/432/357
f 496/434/358 497/437/347 247/435/359
f 248/432/357 249/438/360 344/436/25
f 344/436/25 249/438/360 251/426/353
f 497/437/347 498/439/347 248/432/357
f 249/438/360 248/432/357 498/439/347
f 249/438/360 499/440/361 501/430/355
f 252/441/362 243/448/364 503/442/363
f 388/443/31 347/802/35 252/441/362
f 243/444/364 253/453/368 504/445/365
f 252/441/362 347/802/35 348/447/34
f 354/449/37 350/552/131 254/450/366
f 243/444/364 348/803/34 349/452/39
f 257/451/367 254/450/366 505/454/369
f 259/456/371 356/471/44 355/49/43
f 349/452/39 354/449/37 257/451/367
f 297/458/373 298/469/378 506/459/374
f 283/461/375 260/583/449 357/462/48
f 353/464/50 255/470/379 256/465/375
f 253/453/368 257/451/367 508/455/370
f 578/62/52 509/585/451 299/467/376
f 300/468/377 259/456/371 258/457/372
f 298/469/378 255/470/379 259/456/371
f 255/470/379 353/464/50 356/471/44
f 301/472/380 511/653/498 512/473/381
f 518/475/347 511/653/498 301/472/380
f 387/477/59 321/582/448 262/478/383
f 357/462/48 260/583/449 261/480/384
f 365/482/64 274/503/400 264/483/385
f 322/485/386 520/662/506 513/486/387
f 310/488/389 275/502/399 263/489/390
f 267/491/392 269/498/396 307/492/393
f 361/494/76 268/577/445 270/495/395
f 270/495/395 272/580/447 363/497/79
f 269/498/396 271/512/407 308/499/397
f 363/497/79 272/580/447 273/500/398
f 303/487/388 513/486/387 275/502/399
f 358/479/86 262/478/383 274/503/400
f 311/504/401 515/677/521 516/505/402
f 364/501/90 273/500/398 276/507/404
f 514/509/405 515/804/521 311/510/401
f 271/512/407 514/509/405 309/511/406
f 366/513/95 276/581/404 277/514/408
f 318/516/409 286/535/422 284/517/410
f 368/519/100 279/578/446 281/520/412
f 313/522/413 278/570/441 280/523/414
f 302/474/382 512/473/381 517/525/416
f 352/481/108 261/480/384 282/527/418
f 507/460/347 518/475/347 316/476/373
f 256/465/375 283/461/375 371/463/31
f 372/529/110 285/533/420 289/530/419
f 373/532/113 287/534/421 285/533/420
f 369/521/115 281/520/412 287/534/421
f 314/524/415 280/523/414 286/535/422
f 329/536/423 325/592/434 291/537/424
f 317/518/411 284/517/410 288/539/426
f 324/541/428 290/545/429 376/542/122
f 386/544/125 376/542/122 290/545/429
f 271/546/407 269/551/396 379/143/127
f 275/548/399 513/708/387 580/146/125
f 271/546/407 378/547/430 579/148/52
f 263/550/390 275/548/399 377/151/128
f 269/551/396 267/576/392 380/152/129
f 350/552/131 382/554/133 292/553/431
f 382/554/133 383/557/134 293/555/432
f 291/556/424 293/555/432 383/557/134
f 326/559/433 293/555/432 291/556/424
f 326/559/433 294/791/579 295/561/435
f 327/562/436 295/561/435 296/563/437
f 328/564/438 296/563/437 519/565/439
f 616/567/142 278/787/441 516/568/402
f 312/506/403 516/505/402 278/570/441
f 277/514/408 279/578/446 368/519/100
f 359/484/144 264/483/385 266/571/442
f 304/490/391 263/489/390 265/573/443
f 265/575/443 263/550/390 384/177/148
f 267/576/392 265/575/443 381/179/149
f 265/573/443 267/491/392 306/493/394
f 266/571/442 268/577/445 361/494/76
f 305/574/444 306/493/394 268/577/445
f 264/483/385 304/490/391 305/574/444
f 277/514/408 312/506/403 313/522/413
f 375/579/152 386/544/125 320/538/425
f 285/533/420 317/518/411 319/540/427
f 324/541/428 329/536/423 320/538/425
f 281/520/412 314/524/415 318/516/409
f 297/458/373 316/476/373 283/461/375
f 261/480/384 302/474/382 315/526/417
f 279/578/446 313/522/413 314/524/415
f 287/534/421 318/516/409 317/518/411
f 308/499/397 309/511/406 273/500/398
f 309/511/406 311/510/401 276/507/404
f 276/581/404 311/504/401 312/506/403
f 262/478/383 303/487/388 310/488/389
f 307/492/393 308/499/397 272/580/447
f 268/577/445 306/493/394 307/492/393
f 274/503/400 310/488/389 304/490/391
f 321/582/448 322/485/386 303/487/388
f 316/476/373 301/472/380 260/583/449
f 260/583/449 301/472/380 302/474/382
f 506/459/374 298/469/378 300/468/377
f 510/584/450 300/468/377 299/467/376
f 385/63/52 299/467/376 258/457/372
f 255/470/379 298/469/378 297/458/373
f 315/586/417 322/485/386 321/582/448
f 517/588/416 520/662/506 322/485/386
f 370/589/158 282/587/418 321/582/448
f 339/590/3 388/443/31 323/413/345
f 242/411/343 323/413/345 521/415/347
f 289/530/419 319/540/427 329/536/423
f 328/564/438 522/566/440 505/454/369
f 327/562/436 328/564/438 254/450/366
f 326/559/433 327/562/436 292/553/431
f 288/591/426 294/791/579 326/559/433
f 289/530/419 324/541/428 389/543/124
f 319/540/427 288/539/426 325/592/434
f 613/593/161 335/805/459 331/594/452
f 524/385/324 590/623/470 491/596/453
f 612/598/164 334/602/456 330/599/455
f 611/601/167 332/607/460 334/602/456
f 610/595/162 331/594/452 336/603/457
f 615/600/165 330/599/455 335/605/459
f 336/603/457 590/623/470 524/385/324
f 616/567/142 333/613/465 332/607/460
f 331/608/452 335/605/459 330/599/455
f 395/610/462 390/609/461 330/599/455
f 394/611/463 395/610/462 334/602/456
f 393/612/464 394/611/463 332/607/460
f 392/614/466 393/612/464 588/615/467
f 523/617/468 588/615/467 393/612/464
f 392/614/466 587/616/347 589/618/347
f 391/619/469 589/618/347 590/620/470
f 336/603/457 331/594/452 390/622/461
f 627/624/471 240/409/180 96/202/168
f 526/220/182 396/627/474 397/625/472
f 502/414/346 407/636/483 478/626/473
f 396/627/474 399/628/475 495/416/347
f 396/627/474 492/419/349 493/418/349
f 399/628/475 400/629/476 494/420/350
f 526/220/182 528/226/188 399/628/475
f 528/226/188 525/227/189 400/629/476
f 401/630/477 496/434/358 494/420/350
f 529/229/191 401/630/477 400/629/476
f 533/231/193 405/632/479 406/631/478
f 530/233/195 402/634/481 401/630/477
f 405/632/479 500/431/356 501/430/355
f 530/233/195 531/237/199 403/633/480
f 402/634/481 497/437/347 496/434/358
f 532/239/201 404/635/482 403/633/480
f 532/239/201 534/232/194 406/631/478
f 497/437/347 402/634/481 403/633/480
f 404/635/482 499/440/361 498/439/347
f 404/635/482 406/631/478 501/430/355
f 503/442/363 398/806/484 407/636/483
f 407/636/483 535/638/485 576/242/204
f 504/445/365 408/643/489 398/637/484
f 407/636/483 398/806/484 536/244/206
f 409/639/486 538/344/293 542/246/207
f 398/637/484 408/643/489 537/249/210
f 505/454/369 409/639/486 412/640/487
f 414/642/488 413/650/495 543/252/213
f 412/640/487 542/246/207 537/249/210
f 507/460/347 506/459/374 453/644/490
f 545/256/217 415/658/502 438/646/492
f 411/647/492 410/651/496 541/258/218
f 508/455/370 412/640/487 408/643/489
f 454/648/493 509/585/451 578/62/52
f 455/649/494 454/648/493 413/650/495
f 453/644/490 455/649/494 414/642/488
f 410/651/496 414/642/488 544/266/224
f 456/652/497 457/692/534 512/473/381
f 456/652/497 511/653/498 518/475/347
f 575/270/227 546/272/229 417/655/499
f 545/256/217 540/274/231 416/657/501
f 553/275/232 547/277/234 419/659/503
f 477/661/505 458/675/519 513/486/387
f 465/663/507 459/724/557 418/664/508
f 462/666/510 424/672/516 422/667/511
f 549/286/243 550/288/245 425/669/513
f 551/289/246 427/674/518 425/669/513
f 463/671/515 426/681/524 424/672/516
f 551/289/246 552/293/250 428/673/517
f 458/675/519 465/663/507 430/665/509
f 546/272/229 553/275/232 429/660/504
f 466/676/520 467/722/555 516/505/402
f 552/293/250 554/299/256 431/678/522
f 466/679/520 515/804/521 514/509/405
f 464/680/523 514/509/405 426/681/524
f 554/303/256 555/305/182 432/682/525
f 473/684/526 472/701/543 439/685/527
f 556/309/263 557/311/265 436/687/529
f 468/689/531 469/697/539 435/690/532
f 457/692/534 470/730/562 517/525/416
f 540/274/231 558/317/271 437/693/535
f 471/654/491 518/475/347 507/460/347
f 559/257/204 438/646/492 411/647/492
f 560/318/272 562/320/274 444/694/536
f 561/321/275 560/318/272 440/695/537
f 557/311/265 561/321/275 442/696/538
f 469/697/539 473/684/526 441/686/528
f 484/698/540 475/728/560 446/699/541
f 472/701/543 474/729/561 443/702/544
f 564/331/285 445/704/546 479/703/545
f 574/333/125 475/728/560 445/704/546
f 426/705/524 566/337/289 567/336/288
f 430/707/509 565/339/290 580/146/125
f 579/148/52 566/337/289 426/705/524
f 418/709/508 572/341/291 565/339/290
f 424/706/516 567/336/288 568/343/292
f 447/711/547 570/346/295 538/344/293
f 448/712/548 571/349/297 570/346/295
f 446/713/541 563/350/298 571/349/297
f 446/713/541 448/712/548 481/714/549
f 481/714/549 482/718/552 450/716/550
f 482/718/552 483/720/554 451/719/553
f 483/720/554 522/566/440 519/565/439
f 516/568/402 433/782/533 624/721/306
f 467/722/555 468/689/531 433/691/533
f 556/309/263 434/688/530 432/682/525
f 547/277/234 548/361/309 421/723/556
f 459/724/557 460/727/559 420/725/558
f 572/341/291 418/709/508 420/726/558
f 569/365/312 420/726/558 422/710/511
f 461/668/512 422/667/511 420/725/558
f 549/286/243 423/670/514 421/723/556
f 423/670/514 461/668/512 460/727/559
f 419/659/503 421/723/556 460/727/559
f 432/682/525 434/688/530 468/689/531
f 563/369/298 446/699/541 475/728/560
f 440/695/537 444/694/536 474/729/561
f 479/703/545 445/704/546 475/728/560
f 436/687/529 442/696/538 473/684/526
f 438/646/492 471/654/491 452/645/491
f 416/657/501 437/693/535 470/730/562
f 434/688/530 436/687/529 469/697/539
f 442/696/538 440/695/537 472/701/543
f 428/673/517 464/680/523 463/671/515
f 431/678/522 466/679/520 464/680/523
f 431/683/522 432/682/525 467/722/555
f 417/655/499 429/660/504 465/663/507
f 427/674/518 463/671/515 462/666/510
f 423/670/514 425/669/513 462/666/510
f 429/660/504 419/659/503 459/724/557
f 476/656/500 417/655/499 458/675/519
f 415/658/502 456/652/497 471/654/491
f 415/658/502 416/657/501 457/692/534
f 506/459/374 510/584/450 455/649/494
f 510/584/450 509/585/451 454/648/493
f 413/650/495 454/648/493 573/262/220
f 452/645/491 453/644/490 410/651/496
f 476/656/500 477/661/505 470/731/562
f 477/661/505 520/662/506 517/588/416
f 558/377/271 575/270/227 476/656/500
f 478/626/473 576/242/204 527/378/319
f 521/415/347 478/626/473 397/625/472
f 444/694/536 479/703/545 484/698/540
f 505/454/369 522/566/440 483/720/554
f 409/639/486 483/720/554 482/718/552
f 447/711/547 482/718/552 481/714/549
f 443/733/544 480/715/542 481/714/549
f 577/332/286 479/703/545 444/694/536
f 474/729/561 484/698/540 480/700/542
f 486/734/563 490/807/567 622/735/320
f 599/737/564 591/776/578 627/624/471
f 485/738/565 489/741/566 621/739/326
f 489/741/566 487/746/569 620/742/329
f 491/596/453 486/734/563 619/736/322
f 490/743/567 485/738/565 623/740/328
f 627/624/471 591/776/578 607/745/568
f 487/746/569 488/751/573 624/721/306
f 486/747/563 581/808/576 485/738/565
f 485/738/565 581/808/576 586/748/570
f 489/741/566 586/748/570 585/749/571
f 487/746/569 585/749/571 584/750/572
f 583/752/574 587/616/347 588/615/467
f 523/617/468 488/751/573 584/750/572
f 589/618/347 587/616/347 583/752/574
f 590/620/470 589/618/347 582/753/575
f 491/596/453 590/623/470 581/755/576
f 627/624/471 608/393/332 198/392/331
f 584/750/572 585/749/571 235/756/338
f 585/749/571 586/748/570 236/758/337
f 586/748/570 581/808/576 231/759/336
f 581/754/576 582/753/575 232/760/342
f 582/753/575 583/752/574 233/762/341
f 583/752/574 584/750/572 234/757/339
f 100/763/174 393/612/464 392/614/466
f 98/765/179 99/764/176 392/614/466
f 98/765/179 391/619/469 390/621/461
f 97/767/181 390/609/461 395/610/462
f 102/768/172 395/610/462 394/611/463
f 101/769/173 394/611/463 393/612/464
f 140/770/307 606/358/306 602/390/329
f 158/355/303 157/353/301 608/393/332
f 146/772/261 605/389/328 604/395/320
f 156/774/577 601/383/322 608/393/332
f 142/771/267 602/390/329 603/387/326
f 148/775/278 603/387/326 605/389/328
f 226/167/141 158/355/303 607/745/568
f 150/379/282 604/381/320 601/383/322
f 195/403/340 606/358/306 596/170/125
f 593/201/167 598/169/142 38/777/105
f 56/165/139 599/737/564 600/203/169
f 595/205/161 597/199/165 44/779/98
f 600/203/169 592/196/162 54/163/137
f 594/198/164 593/201/167 40/778/104
f 597/199/165 594/198/164 46/781/99
f 226/167/141 591/776/578 599/737/564
f 592/196/162 595/195/161 48/192/121
f 596/170/125 598/169/142 93/211/175
f 620/742/329 624/721/306 433/782/533
f 451/719/553 625/396/334 626/597/454
f 622/744/320 623/740/328 439/784/527
f 626/597/454 619/736/322 449/717/551
f 621/739/326 620/742/329 435/783/532
f 623/740/328 621/739/326 441/786/528
f 519/565/439 609/386/325 625/396/334
f 619/736/322 622/735/320 443/733/544
f 614/569/125 624/721/306 488/751/573
f 278/787/441 616/567/142 611/601/167
f 296/563/437 295/561/435 618/604/458
f 284/789/410 615/600/165 613/606/161
f 294/791/579 610/595/162 618/604/458
f 280/788/414 611/601/167 612/598/164
f 286/792/422 612/598/164 615/600/165
f 519/565/439 296/563/437 617/384/323
f 288/591/426 613/593/161 610/595/162
f 333/613/465 616/567/142 614/569/125
f 573/262/220 161/261/219 120/253/214
f 405/632/479 533/231/193 628/793/125
f 628/793/125 533/231/193 112/234/196
f 628/793/125 345/18/16 250/429/354
f 10/22/20 345/18/16 628/793/125
